sales_id,created_at,end_at,status,product_id,customer_id,quantity,sales_subtotal,updated_at,medio_de_pago,bank_origin
554,24/06/2025 17:47,24/06/2025 17:47,created,1004,42,1,399.98,24/06/2025 17:47,digital,PliN
563,24/06/2025 5:30,24/06/2025 5:30,created,341,42,1,59.99,24/06/2025 5:30,Transferencia bancaria,pichincha
1051,24/06/2025 1:34,24/06/2025 1:34,created,379,77,1,129.99,24/06/2025 1:34,efectivo,efectivo
2047,24/06/2025 21:57,24/06/2025 21:57,created,191,160,2,199.98,24/06/2025 21:57,digital,pLin
2486,24/06/2025 3:51,24/06/2025 3:51,created,379,192,1,129.99,24/06/2025 3:51,efectivo,efectivo
3029,24/06/2025 11:10,24/06/2025 11:10,created,1004,228,1,399.98,24/06/2025 11:10,Transferencia bancaria,  Pichincha  
3412,24/06/2025 7:13,24/06/2025 7:13,created,341,254,4,239.96,24/06/2025 7:13,Transferencia bancaria,SCOTIABANK
3522,24/06/2025 15:40,24/06/2025 15:40,created,478,260,5,250.0,24/06/2025 15:40,digital,yapE
4338,24/06/2025 21:08,24/06/2025 21:08,created,957,324,1,299.98,24/06/2025 21:08,efectivo,efectivo
5481,24/06/2025 17:09,24/06/2025 17:09,created,191,400,3,299.97,24/06/2025 17:09,Transferencia bancaria,SCOTIABANK
5942,24/06/2025 23:24,24/06/2025 23:24,created,478,436,3,150.0,24/06/2025 23:24,efectivo,efectivo
6577,24/06/2025 12:50,24/06/2025 12:50,created,191,475,4,399.96,24/06/2025 12:50,Transferencia bancaria,IntERBANK 
6614,24/06/2025 13:18,24/06/2025 13:18,created,191,478,2,199.98,24/06/2025 13:18,efectivo,efectivo
7428,24/06/2025 11:47,24/06/2025 11:47,created,756,537,2,39.98,24/06/2025 11:47,digital,pLin
7923,24/06/2025 1:16,24/06/2025 1:16,created,341,569,1,59.99,24/06/2025 1:16,Transferencia bancaria,SCOTIABANK
8161,24/06/2025 21:04,24/06/2025 21:04,created,379,589,1,129.99,24/06/2025 21:04,Transferencia bancaria,PichinchA
8313,24/06/2025 21:15,24/06/2025 21:15,created,579,602,2,79.98,24/06/2025 21:15,Transferencia bancaria,BBVA   
8324,24/06/2025 21:09,24/06/2025 21:09,created,1014,603,5,249.9,24/06/2025 21:09,efectivo,efectivo
9032,24/06/2025 2:21,24/06/2025 2:21,created,957,650,1,299.98,24/06/2025 2:21,efectivo,efectivo
9155,24/06/2025 11:26,24/06/2025 11:26,created,873,662,2,49.98,24/06/2025 11:26,Transferencia bancaria,Scotiabank
9288,24/06/2025 23:32,24/06/2025 23:32,created,478,673,5,250.0,24/06/2025 23:32,digital,yapE
9405,24/06/2025 13:47,24/06/2025 13:47,created,957,680,1,299.98,24/06/2025 13:47,digital,YAPe
9407,24/06/2025 5:17,24/06/2025 5:17,created,379,680,1,129.99,24/06/2025 5:17,efectivo,efectivo
9669,24/06/2025 6:14,24/06/2025 6:14,created,1004,697,1,399.98,24/06/2025 6:14,digital,YAPe
10142,24/06/2025 1:37,24/06/2025 1:37,created,341,731,2,119.98,24/06/2025 1:37,efectivo,efectivo
10259,24/06/2025 12:48,24/06/2025 12:48,created,191,738,1,99.99,24/06/2025 12:48,efectivo,efectivo
10503,24/06/2025 16:50,24/06/2025 16:50,created,1014,753,2,99.96,24/06/2025 16:50,efectivo,efectivo
10757,24/06/2025 9:52,24/06/2025 9:52,created,1004,773,1,399.98,24/06/2025 9:52,efectivo,efectivo
10856,24/06/2025 14:06,24/06/2025 14:06,created,1014,780,2,99.96,24/06/2025 14:06,efectivo,efectivo
10948,24/06/2025 15:13,24/06/2025 15:13,created,341,788,1,59.99,24/06/2025 15:13,Transferencia bancaria, BCP   
12051,24/06/2025 11:22,02/07/2025 1:06,finalized,341,867,5,299.95,02/07/2025 1:06,digital,YAPe
12059,24/06/2025 1:34,27/06/2025 16:28,finalized,478,868,4,200.0,27/06/2025 16:28,efectivo,efectivo
12908,24/06/2025 9:01,05/07/2025 7:21,finalized,379,936,1,129.99,05/07/2025 7:21,efectivo,efectivo
13535,24/06/2025 2:52,02/07/2025 13:30,finalized,341,978,5,299.95,02/07/2025 13:30,efectivo,efectivo
14514,24/06/2025 13:08,28/06/2025 19:37,finalized,1073,1049,1,199.99,28/06/2025 19:37,digital,yapE
14989,24/06/2025 2:01,02/07/2025 5:57,finalized,957,1089,1,299.98,02/07/2025 5:57,digital,YAPe
15227,24/06/2025 22:55,30/06/2025 18:03,finalized,341,1106,3,179.97,30/06/2025 18:03,digital,pLin
15427,24/06/2025 19:05,03/07/2025 11:07,finalized,579,1119,2,79.98,03/07/2025 11:07,efectivo,efectivo
15761,24/06/2025 18:06,30/06/2025 22:55,finalized,341,1145,3,179.97,30/06/2025 22:55,Transferencia bancaria,IntERBANK 
15763,24/06/2025 5:06,02/07/2025 8:42,finalized,341,1145,3,179.97,02/07/2025 8:42,Transferencia bancaria,bbvA
16701,24/06/2025 1:55,03/07/2025 7:49,finalized,478,1218,1,50.0,03/07/2025 7:49,efectivo,efectivo
19764,24/06/2025 23:19,05/07/2025 1:46,finalized,478,1445,5,250.0,05/07/2025 1:46,Transferencia bancaria,Interbank
20013,24/06/2025 14:06,29/06/2025 16:42,finalized,478,1464,1,50.0,29/06/2025 16:42,Transferencia bancaria,scotiabank
20142,24/06/2025 6:07,03/07/2025 5:10,finalized,379,1474,1,129.99,03/07/2025 5:10,Transferencia bancaria, Scotiabank
20393,24/06/2025 9:52,27/06/2025 11:56,finalized,579,1493,1,39.99,27/06/2025 11:56,efectivo,efectivo
21342,24/06/2025 23:58,03/07/2025 15:15,finalized,957,1557,1,299.98,03/07/2025 15:15,digital,yapE
21582,24/06/2025 2:24,29/06/2025 8:05,finalized,957,1572,1,299.98,29/06/2025 8:05,efectivo,efectivo
22380,24/06/2025 22:27,30/06/2025 5:56,finalized,957,1624,1,299.98,30/06/2025 5:56,efectivo,efectivo
22473,24/06/2025 8:19,28/06/2025 3:59,finalized,379,1629,1,129.99,28/06/2025 3:59,digital,PliN
22699,24/06/2025 18:05,05/07/2025 5:23,finalized,1014,1646,1,49.98,05/07/2025 5:23,digital,PliN
22777,24/06/2025 4:59,28/06/2025 22:59,finalized,1004,1651,1,399.98,28/06/2025 22:59,efectivo,efectivo
23408,24/06/2025 10:34,02/07/2025 17:54,finalized,1004,1696,1,399.98,02/07/2025 17:54,efectivo,efectivo
23769,24/06/2025 11:16,28/06/2025 6:38,finalized,379,1724,1,129.99,28/06/2025 6:38,digital,PliN
23847,24/06/2025 22:10,05/07/2025 9:18,finalized,478,1730,4,200.0,05/07/2025 9:18,efectivo,efectivo
24115,24/06/2025 7:06,05/07/2025 2:36,finalized,191,1747,2,199.98,05/07/2025 2:36,Transferencia bancaria,bbvA
24518,24/06/2025 22:35,30/06/2025 13:24,finalized,756,1775,2,39.98,30/06/2025 13:24,Transferencia bancaria, BCP   
25224,24/06/2025 2:09,29/06/2025 18:17,finalized,341,1822,5,299.95,29/06/2025 18:17,efectivo,efectivo
25601,24/06/2025 5:02,04/07/2025 17:20,finalized,1073,1846,1,199.99,04/07/2025 17:20,efectivo,efectivo
25729,24/06/2025 10:59,01/07/2025 22:05,finalized,478,1853,5,250.0,01/07/2025 22:05,digital,PliN
26578,24/06/2025 15:03,01/07/2025 6:50,finalized,882,1910,1,24.99,01/07/2025 6:50,efectivo,efectivo
26815,24/06/2025 6:36,02/07/2025 21:55,finalized,478,1925,5,250.0,02/07/2025 21:55,efectivo,efectivo
27405,24/06/2025 0:51,28/06/2025 22:34,finalized,341,1962,3,179.97,28/06/2025 22:34,Transferencia bancaria,Scotiabank
27844,24/06/2025 20:14,03/07/2025 18:09,finalized,478,1991,3,150.0,03/07/2025 18:09,digital,yapE
28021,24/06/2025 10:48,01/07/2025 6:11,finalized,341,2004,1,59.99,01/07/2025 6:11,digital,PliN
28776,24/06/2025 4:12,01/07/2025 4:01,finalized,251,2063,4,359.96,01/07/2025 4:01,digital,pLin
28783,24/06/2025 6:07,30/06/2025 6:29,finalized,780,2064,1,31.99,30/06/2025 6:29,digital,pLin
29481,24/06/2025 16:56,04/07/2025 13:13,finalized,191,2113,4,399.96,04/07/2025 13:13,digital,YAPe
30745,24/06/2025 22:40,03/07/2025 15:46,finalized,957,2205,1,299.98,03/07/2025 15:46,efectivo,efectivo
31139,24/06/2025 4:47,01/07/2025 9:25,finalized,1014,2232,3,149.94,01/07/2025 9:25,efectivo,efectivo
32729,24/06/2025 21:07,01/07/2025 10:07,finalized,341,2346,5,299.95,01/07/2025 10:07,Transferencia bancaria,BBVA   
32774,24/06/2025 15:11,02/07/2025 14:50,finalized,478,2350,2,100.0,02/07/2025 14:50,digital,yapE
33322,24/06/2025 1:12,04/07/2025 7:00,finalized,1014,2389,4,199.92,04/07/2025 7:00,Transferencia bancaria,BCP
33710,24/06/2025 5:14,27/06/2025 20:37,finalized,1004,2420,1,399.98,27/06/2025 20:37,efectivo,efectivo
34608,24/06/2025 15:39,28/06/2025 15:59,finalized,341,2483,4,239.96,28/06/2025 15:59,efectivo,efectivo
34784,24/06/2025 11:58,29/06/2025 8:10,finalized,579,2497,5,199.95,29/06/2025 8:10,digital,YAPe
35167,24/06/2025 12:07,02/07/2025 12:17,finalized,957,2527,1,299.98,02/07/2025 12:17,Transferencia bancaria,bbvA
35184,24/06/2025 17:41,02/07/2025 4:08,finalized,379,2528,1,129.99,02/07/2025 4:08,digital,YAPe
35524,24/06/2025 9:26,01/07/2025 3:31,finalized,1014,2554,3,149.94,01/07/2025 3:31,Transferencia bancaria,scotiabank
35548,24/06/2025 12:49,27/06/2025 22:25,finalized,379,2555,1,129.99,27/06/2025 22:25,efectivo,efectivo
36069,24/06/2025 6:43,27/06/2025 12:22,finalized,478,2593,5,250.0,27/06/2025 12:22,Transferencia bancaria,BcP
36214,24/06/2025 17:33,05/07/2025 17:22,finalized,341,2605,2,119.98,05/07/2025 17:22,efectivo,efectivo
36522,24/06/2025 12:46,05/07/2025 10:17,finalized,1004,2626,1,399.98,05/07/2025 10:17,digital,YAPe
37197,24/06/2025 23:54,01/07/2025 21:46,finalized,478,2674,3,150.0,01/07/2025 21:46,efectivo,efectivo
37530,24/06/2025 1:02,04/07/2025 1:02,finalized,1004,2699,1,399.98,04/07/2025 1:02,efectivo,efectivo
37593,24/06/2025 23:47,29/06/2025 3:49,finalized,478,2704,3,150.0,29/06/2025 3:49,digital,PliN
38539,24/06/2025 8:22,04/07/2025 3:41,finalized,1014,2769,4,199.92,04/07/2025 3:41,efectivo,efectivo
38750,24/06/2025 1:46,30/06/2025 2:56,finalized,1004,2783,1,399.98,30/06/2025 2:56,efectivo,efectivo
39065,24/06/2025 13:36,30/06/2025 12:48,finalized,478,2803,5,250.0,30/06/2025 12:48,Transferencia bancaria,  Pichincha  
39410,24/06/2025 9:53,30/06/2025 12:37,finalized,1004,2829,1,399.98,30/06/2025 12:37,efectivo,efectivo
39543,24/06/2025 18:17,02/07/2025 2:45,finalized,379,2837,1,129.99,02/07/2025 2:45,efectivo,efectivo
40056,24/06/2025 13:34,27/06/2025 19:51,finalized,379,2876,1,129.99,27/06/2025 19:51,Transferencia bancaria,BCP
41415,24/06/2025 8:57,04/07/2025 1:44,finalized,341,2984,4,239.96,04/07/2025 1:44,Transferencia bancaria,PichinchA
42280,24/06/2025 19:39,28/06/2025 21:06,finalized,379,3052,1,129.99,28/06/2025 21:06,efectivo,efectivo
42989,24/06/2025 3:44,30/06/2025 22:00,finalized,957,3113,1,299.98,30/06/2025 22:00,digital,YAPe
44432,24/06/2025 17:02,02/07/2025 7:13,finalized,341,3208,4,239.96,02/07/2025 7:13,Transferencia bancaria,Interbank
44583,24/06/2025 7:24,02/07/2025 5:39,finalized,957,3220,1,299.98,02/07/2025 5:39,Transferencia bancaria,scotiabank
44584,24/06/2025 3:04,03/07/2025 2:24,finalized,579,3220,2,79.98,03/07/2025 2:24,digital,PliN
44669,24/06/2025 22:53,03/07/2025 4:54,finalized,478,3225,5,250.0,03/07/2025 4:54,Transferencia bancaria,bcp
44744,24/06/2025 5:30,01/07/2025 23:44,finalized,379,3230,1,129.99,01/07/2025 23:44,digital,yapE
44775,24/06/2025 5:08,04/07/2025 9:50,finalized,478,3232,5,250.0,04/07/2025 9:50,digital,yapE
44817,24/06/2025 3:30,30/06/2025 11:08,finalized,1004,3235,1,399.98,30/06/2025 11:08,Transferencia bancaria,IntERBANK 
45052,24/06/2025 16:05,28/06/2025 10:57,finalized,957,3252,1,299.98,28/06/2025 10:57,efectivo,efectivo
45369,24/06/2025 18:21,01/07/2025 21:56,finalized,341,3276,2,119.98,01/07/2025 21:56,digital,YAPe
45370,24/06/2025 4:29,01/07/2025 11:47,finalized,191,3276,4,399.96,01/07/2025 11:47,efectivo,efectivo
45407,24/06/2025 6:29,02/07/2025 22:59,finalized,957,3280,1,299.98,02/07/2025 22:59,Transferencia bancaria, BCP   
46782,24/06/2025 14:31,30/06/2025 23:46,finalized,191,3377,1,99.99,30/06/2025 23:46,digital,pLin
47505,24/06/2025 12:53,02/07/2025 16:10,finalized,1014,3429,5,249.9,02/07/2025 16:10,Transferencia bancaria,  Pichincha  
47880,24/06/2025 19:40,29/06/2025 21:25,finalized,478,3457,4,200.0,29/06/2025 21:25,digital,PliN
48263,24/06/2025 17:04,29/06/2025 4:15,finalized,780,3483,2,63.98,29/06/2025 4:15,digital,yapE
48570,24/06/2025 4:22,05/07/2025 1:10,finalized,379,3506,1,129.99,05/07/2025 1:10,Transferencia bancaria, Scotiabank
48753,24/06/2025 10:50,30/06/2025 10:18,finalized,1073,3519,1,199.99,30/06/2025 10:18,digital,PliN
48885,24/06/2025 3:27,27/06/2025 13:54,finalized,379,3527,1,129.99,27/06/2025 13:54,Transferencia bancaria,BCP
49295,24/06/2025 2:07,27/06/2025 8:53,finalized,770,3553,4,191.96,27/06/2025 8:53,efectivo,efectivo
50325,24/06/2025 19:04,03/07/2025 5:20,finalized,341,3624,4,239.96,03/07/2025 5:20,efectivo,efectivo
51033,24/06/2025 14:08,28/06/2025 16:35,finalized,478,3676,3,150.0,28/06/2025 16:35,digital,pLin
51103,24/06/2025 22:27,03/07/2025 0:05,finalized,478,3679,5,250.0,03/07/2025 0:05,Transferencia bancaria,bbvA
51191,24/06/2025 18:14,05/07/2025 3:13,finalized,191,3685,3,299.97,05/07/2025 3:13,digital,yapE
51262,24/06/2025 20:25,02/07/2025 4:30,finalized,1073,3692,1,199.99,02/07/2025 4:30,Transferencia bancaria,BBVA   
51303,24/06/2025 13:57,03/07/2025 13:11,finalized,478,3695,4,200.0,03/07/2025 13:11,digital,YAPe
52416,24/06/2025 23:03,30/06/2025 16:20,finalized,1073,3771,1,199.99,30/06/2025 16:20,digital,pLin
52954,24/06/2025 19:14,29/06/2025 13:09,finalized,191,3816,4,399.96,29/06/2025 13:09,efectivo,efectivo
53071,24/06/2025 19:40,01/07/2025 7:33,finalized,191,3827,4,399.96,01/07/2025 7:33,digital,yapE
53151,24/06/2025 2:03,27/06/2025 9:39,finalized,379,3833,1,129.99,27/06/2025 9:39,efectivo,efectivo
53485,24/06/2025 0:48,04/07/2025 15:01,finalized,478,3863,4,200.0,04/07/2025 15:01,efectivo,efectivo
53829,24/06/2025 7:51,02/07/2025 0:31,finalized,1014,3889,1,49.98,02/07/2025 0:31,efectivo,efectivo
54284,24/06/2025 7:33,02/07/2025 3:34,finalized,341,3922,1,59.99,02/07/2025 3:34,Transferencia bancaria,bbvA
54704,24/06/2025 20:15,28/06/2025 11:22,finalized,478,3952,5,250.0,28/06/2025 11:22,digital,YAPe
54758,24/06/2025 17:52,28/06/2025 11:16,finalized,191,3956,5,499.95,28/06/2025 11:16,Transferencia bancaria,Interbank
54876,24/06/2025 14:25,05/07/2025 4:10,finalized,478,3964,3,150.0,05/07/2025 4:10,Transferencia bancaria,Scotiabank
55251,24/06/2025 17:34,28/06/2025 3:19,finalized,957,3986,1,299.98,28/06/2025 3:19,digital,YAPe
55258,24/06/2025 21:33,01/07/2025 21:53,finalized,379,3986,1,129.99,01/07/2025 21:53,digital,YAPe
56101,24/06/2025 4:35,28/06/2025 1:04,finalized,341,4046,2,119.98,28/06/2025 1:04,digital,pLin
57066,24/06/2025 1:26,30/06/2025 17:49,finalized,478,4120,3,150.0,30/06/2025 17:49,Transferencia bancaria,Scotiabank
57729,24/06/2025 1:23,28/06/2025 12:26,finalized,478,4171,4,200.0,28/06/2025 12:26,Transferencia bancaria,BBVA   
57835,24/06/2025 23:01,05/07/2025 22:16,finalized,957,4181,1,299.98,05/07/2025 22:16,efectivo,efectivo
58633,24/06/2025 20:09,02/07/2025 0:59,finalized,579,4231,4,159.96,02/07/2025 0:59,Transferencia bancaria,bcp
58757,24/06/2025 23:13,02/07/2025 14:34,finalized,379,4238,1,129.99,02/07/2025 14:34,Transferencia bancaria,BcP
59426,24/06/2025 5:00,30/06/2025 5:06,finalized,379,4286,1,129.99,30/06/2025 5:06,Transferencia bancaria,BcP
59759,24/06/2025 4:05,04/07/2025 7:38,finalized,478,4309,2,100.0,04/07/2025 7:38,digital,pLin
61864,24/06/2025 8:51,03/07/2025 14:42,finalized,191,4460,4,399.96,03/07/2025 14:42,digital,yapE
62110,24/06/2025 18:37,28/06/2025 15:59,finalized,478,4476,5,250.0,28/06/2025 15:59,efectivo,efectivo
62545,24/06/2025 21:39,30/06/2025 7:40,finalized,478,4507,1,50.0,30/06/2025 7:40,efectivo,efectivo
62548,24/06/2025 14:08,30/06/2025 2:34,finalized,379,4507,1,129.99,30/06/2025 2:34,efectivo,efectivo
63496,24/06/2025 7:40,02/07/2025 17:07,finalized,341,4574,3,179.97,02/07/2025 17:07,Transferencia bancaria,BcP
64342,24/06/2025 7:08,28/06/2025 0:27,finalized,191,4637,5,499.95,28/06/2025 0:27,Transferencia bancaria,  Pichincha  
64704,24/06/2025 18:19,28/06/2025 17:43,finalized,1004,4665,1,399.98,28/06/2025 17:43,Transferencia bancaria,scotiabank
65148,24/06/2025 15:15,27/06/2025 15:39,finalized,579,4697,4,159.96,27/06/2025 15:39,digital,PliN
65638,24/06/2025 16:20,30/06/2025 16:22,finalized,379,4731,1,129.99,30/06/2025 16:22,digital,pLin
66298,24/06/2025 5:11,04/07/2025 12:42,finalized,579,4781,2,79.98,04/07/2025 12:42,Transferencia bancaria,  Pichincha  
66637,24/06/2025 9:38,29/06/2025 6:31,finalized,957,4807,1,299.98,29/06/2025 6:31,Transferencia bancaria,bbvA
68123,24/06/2025 19:52,02/07/2025 19:05,finalized,1004,4916,1,399.98,02/07/2025 19:05,efectivo,efectivo
68431,24/06/2025 6:43,28/06/2025 10:13,finalized,745,4937,2,29.98,28/06/2025 10:13,digital,yapE
68595,24/06/2025 11:03,29/06/2025 0:48,finalized,478,4945,2,100.0,29/06/2025 0:48,Transferencia bancaria,  Pichincha  
69441,24/06/2025 5:08,29/06/2025 21:16,finalized,981,5010,4,396.0,29/06/2025 21:16,Transferencia bancaria,Interbank
69633,24/06/2025 18:13,03/07/2025 12:32,finalized,191,5022,1,99.99,03/07/2025 12:32,Transferencia bancaria, BCP   
70186,24/06/2025 0:19,27/06/2025 18:04,finalized,341,5056,3,179.97,27/06/2025 18:04,efectivo,efectivo
70449,24/06/2025 9:53,29/06/2025 14:38,finalized,1014,5076,1,49.98,29/06/2025 14:38,efectivo,efectivo
70800,24/06/2025 0:39,30/06/2025 12:24,finalized,341,5100,3,179.97,30/06/2025 12:24,efectivo,efectivo
70940,24/06/2025 6:40,05/07/2025 0:21,finalized,957,5111,1,299.98,05/07/2025 0:21,digital,PliN
70992,24/06/2025 4:21,28/06/2025 10:23,finalized,957,5115,1,299.98,28/06/2025 10:23,efectivo,efectivo
71342,24/06/2025 3:09,30/06/2025 22:49,finalized,770,5140,3,143.97,30/06/2025 22:49,Transferencia bancaria,BCP
71399,24/06/2025 12:48,03/07/2025 17:41,finalized,341,5145,3,179.97,03/07/2025 17:41,digital,yapE
72161,24/06/2025 2:30,01/07/2025 10:52,finalized,478,5198,1,50.0,01/07/2025 10:52,digital,YAPe
72264,24/06/2025 2:26,30/06/2025 10:08,finalized,341,5203,1,59.99,30/06/2025 10:08,efectivo,efectivo
72515,24/06/2025 2:28,02/07/2025 2:46,finalized,341,5219,4,239.96,02/07/2025 2:46,efectivo,efectivo
72869,24/06/2025 23:38,05/07/2025 4:33,finalized,191,5243,5,499.95,05/07/2025 4:33,efectivo,efectivo
73293,24/06/2025 16:50,05/07/2025 12:00,finalized,341,5272,2,119.98,05/07/2025 12:00,Transferencia bancaria,BBVA   
75328,24/06/2025 10:49,05/07/2025 10:11,finalized,1073,5419,1,199.99,05/07/2025 10:11,Transferencia bancaria,Interbank
75515,24/06/2025 17:51,03/07/2025 5:23,finalized,341,5430,2,119.98,03/07/2025 5:23,efectivo,efectivo
76030,24/06/2025 20:25,29/06/2025 12:28,finalized,957,5469,1,299.98,29/06/2025 12:28,efectivo,efectivo
76508,24/06/2025 15:16,04/07/2025 3:02,finalized,957,5501,1,299.98,04/07/2025 3:02,Transferencia bancaria,Interbank
76873,24/06/2025 3:07,03/07/2025 3:32,finalized,478,5531,4,200.0,03/07/2025 3:32,Transferencia bancaria,scotiabank
77536,24/06/2025 7:59,29/06/2025 15:12,finalized,478,5577,3,150.0,29/06/2025 15:12,digital,yapE
78035,24/06/2025 3:45,03/07/2025 3:59,finalized,1014,5609,4,199.92,03/07/2025 3:59,digital,PliN
79985,24/06/2025 18:06,01/07/2025 4:04,finalized,379,5730,1,129.99,01/07/2025 4:04,Transferencia bancaria, BCP   
80626,24/06/2025 20:29,01/07/2025 16:01,finalized,191,5775,4,399.96,01/07/2025 16:01,digital,PliN
81245,24/06/2025 9:13,01/07/2025 3:53,finalized,341,5815,5,299.95,01/07/2025 3:53,digital,yapE
81708,24/06/2025 12:32,01/07/2025 15:23,finalized,1073,5849,1,199.99,01/07/2025 15:23,Transferencia bancaria,bbvA
81749,24/06/2025 2:05,01/07/2025 21:35,finalized,1014,5852,5,249.9,01/07/2025 21:35,Transferencia bancaria,Scotiabank
81966,24/06/2025 20:12,02/07/2025 15:04,finalized,44,5865,4,239.96,02/07/2025 15:04,efectivo,efectivo
82635,24/06/2025 17:54,02/07/2025 0:26,finalized,191,5908,2,199.98,02/07/2025 0:26,digital,yapE
84107,24/06/2025 0:41,03/07/2025 20:57,finalized,1014,6018,1,49.98,03/07/2025 20:57,digital,yapE
85256,24/06/2025 20:43,02/07/2025 2:37,finalized,478,6101,4,200.0,02/07/2025 2:37,efectivo,efectivo
85337,24/06/2025 4:24,03/07/2025 19:31,finalized,478,6107,3,150.0,03/07/2025 19:31,efectivo,efectivo
86679,24/06/2025 16:18,30/06/2025 6:06,finalized,379,6210,1,129.99,30/06/2025 6:06,efectivo,efectivo
86959,24/06/2025 7:33,29/06/2025 15:03,finalized,379,6230,1,129.99,29/06/2025 15:03,digital,YAPe
87696,24/06/2025 16:31,30/06/2025 2:41,finalized,341,6280,3,179.97,30/06/2025 2:41,efectivo,efectivo
88252,24/06/2025 14:14,28/06/2025 12:48,finalized,478,6316,5,250.0,28/06/2025 12:48,efectivo,efectivo
88665,24/06/2025 4:32,04/07/2025 19:59,finalized,1004,6346,1,399.98,04/07/2025 19:59,digital,PliN
89113,24/06/2025 17:01,02/07/2025 11:00,finalized,1073,6378,1,199.99,02/07/2025 11:00,efectivo,efectivo
89562,24/06/2025 5:55,27/06/2025 20:23,finalized,478,6409,1,50.0,27/06/2025 20:23,digital,yapE
89625,24/06/2025 11:02,28/06/2025 20:54,finalized,579,6413,2,79.98,28/06/2025 20:54,Transferencia bancaria,pichincha
90638,24/06/2025 9:54,27/06/2025 18:44,finalized,191,6480,1,99.99,27/06/2025 18:44,Transferencia bancaria,PichinchA
90916,24/06/2025 4:45,01/07/2025 19:33,finalized,379,6501,1,129.99,01/07/2025 19:33,Transferencia bancaria, BCP   
91081,24/06/2025 20:49,03/07/2025 18:22,finalized,478,6515,3,150.0,03/07/2025 18:22,Transferencia bancaria,Interbank
91127,24/06/2025 4:03,04/07/2025 4:41,finalized,478,6518,1,50.0,04/07/2025 4:41,Transferencia bancaria,Interbank
91579,24/06/2025 8:29,02/07/2025 1:00,finalized,1073,6554,1,199.99,02/07/2025 1:00,efectivo,efectivo
91837,24/06/2025 3:41,03/07/2025 6:27,finalized,1014,6573,5,249.9,03/07/2025 6:27,digital,pLin
91952,24/06/2025 1:28,05/07/2025 0:50,finalized,191,6581,5,499.95,05/07/2025 0:50,efectivo,efectivo
92157,24/06/2025 21:29,05/07/2025 8:08,finalized,478,6593,4,200.0,05/07/2025 8:08,digital,YAPe
92246,24/06/2025 21:41,01/07/2025 6:34,finalized,341,6602,5,299.95,01/07/2025 6:34,digital,pLin
92318,24/06/2025 13:38,04/07/2025 13:03,finalized,341,6607,1,59.99,04/07/2025 13:03,digital,YAPe
92744,24/06/2025 6:50,27/06/2025 10:03,finalized,579,6643,3,119.97,27/06/2025 10:03,digital,yapE
93629,24/06/2025 19:34,02/07/2025 18:54,finalized,957,6711,1,299.98,02/07/2025 18:54,digital,yapE
93763,24/06/2025 16:20,30/06/2025 15:47,finalized,1004,6723,1,399.98,30/06/2025 15:47,Transferencia bancaria,scotiabank
94248,24/06/2025 4:41,28/06/2025 14:41,finalized,379,6755,1,129.99,28/06/2025 14:41,efectivo,efectivo
95579,24/06/2025 20:05,28/06/2025 0:12,finalized,1073,6862,1,199.99,28/06/2025 0:12,digital,PliN
96120,24/06/2025 2:07,01/07/2025 4:20,finalized,379,6902,1,129.99,01/07/2025 4:20,efectivo,efectivo
96337,24/06/2025 20:50,27/06/2025 23:45,finalized,1014,6917,2,99.96,27/06/2025 23:45,efectivo,efectivo
99644,24/06/2025 4:42,04/07/2025 11:30,finalized,1014,7164,1,49.98,04/07/2025 11:30,digital,yapE
100058,24/06/2025 2:47,27/06/2025 18:57,finalized,379,7193,1,129.99,27/06/2025 18:57,efectivo,efectivo
101267,24/06/2025 20:39,29/06/2025 7:53,finalized,1004,7281,1,399.98,29/06/2025 7:53,Transferencia bancaria,IntERBANK 
101497,24/06/2025 3:32,29/06/2025 4:02,finalized,191,7296,5,499.95,29/06/2025 4:02,efectivo,efectivo
102451,24/06/2025 21:52,01/07/2025 23:15,finalized,1004,7369,1,399.98,01/07/2025 23:15,efectivo,efectivo
103249,24/06/2025 18:55,05/07/2025 18:16,finalized,1073,7430,1,199.99,05/07/2025 18:16,efectivo,efectivo
103412,24/06/2025 17:45,03/07/2025 23:39,finalized,341,7439,2,119.98,03/07/2025 23:39,digital,YAPe
103493,24/06/2025 15:59,29/06/2025 0:26,finalized,191,7447,5,499.95,29/06/2025 0:26,efectivo,efectivo
103769,24/06/2025 13:56,28/06/2025 10:45,finalized,1073,7466,1,199.99,28/06/2025 10:45,digital,PliN
103814,24/06/2025 6:56,03/07/2025 6:26,finalized,957,7470,1,299.98,03/07/2025 6:26,efectivo,efectivo
103831,24/06/2025 1:10,29/06/2025 3:13,finalized,1014,7472,2,99.96,29/06/2025 3:13,efectivo,efectivo
104340,24/06/2025 5:50,27/06/2025 11:49,finalized,744,7513,4,59.96,27/06/2025 11:49,Transferencia bancaria,SCOTIABANK
105722,24/06/2025 11:24,29/06/2025 11:41,finalized,379,7622,1,129.99,29/06/2025 11:41,efectivo,efectivo
106462,24/06/2025 5:35,30/06/2025 2:32,finalized,341,7679,3,179.97,30/06/2025 2:32,digital,pLin
108878,24/06/2025 3:49,01/07/2025 19:36,finalized,379,7859,1,129.99,01/07/2025 19:36,digital,yapE
108999,24/06/2025 10:02,28/06/2025 5:15,finalized,379,7865,1,129.99,28/06/2025 5:15,digital,YAPe
109044,24/06/2025 14:30,27/06/2025 18:32,finalized,341,7868,2,119.98,27/06/2025 18:32,Transferencia bancaria,PichinchA
109646,24/06/2025 5:19,30/06/2025 8:46,finalized,1073,7921,1,199.99,30/06/2025 8:46,Transferencia bancaria, Scotiabank
109986,24/06/2025 1:50,28/06/2025 14:05,finalized,379,7949,1,129.99,28/06/2025 14:05,digital,PliN
110627,24/06/2025 5:39,27/06/2025 14:18,finalized,478,7992,5,250.0,27/06/2025 14:18,Transferencia bancaria,bcp
111203,24/06/2025 14:50,05/07/2025 7:29,finalized,478,8033,4,200.0,05/07/2025 7:29,digital,YAPe
112954,24/06/2025 2:49,04/07/2025 8:09,finalized,379,8170,1,129.99,04/07/2025 8:09,Transferencia bancaria,bcp
113419,24/06/2025 12:34,29/06/2025 11:31,finalized,478,8201,4,200.0,29/06/2025 11:31,Transferencia bancaria, BCP   
114374,24/06/2025 20:28,30/06/2025 9:45,finalized,341,8277,3,179.97,30/06/2025 9:45,Transferencia bancaria,BBVA   
114850,24/06/2025 12:19,27/06/2025 15:16,finalized,478,8309,5,250.0,27/06/2025 15:16,digital,pLin
115062,24/06/2025 16:00,28/06/2025 4:12,finalized,1004,8325,1,399.98,28/06/2025 4:12,Transferencia bancaria,BCP
115330,24/06/2025 6:10,29/06/2025 2:36,finalized,478,8348,2,100.0,29/06/2025 2:36,Transferencia bancaria,BBVA   
115911,24/06/2025 3:10,29/06/2025 12:03,finalized,1004,8387,1,399.98,29/06/2025 12:03,digital,yapE
116044,24/06/2025 21:27,29/06/2025 10:19,finalized,774,8396,2,95.98,29/06/2025 10:19,Transferencia bancaria,bbvA
117499,24/06/2025 14:54,02/07/2025 2:15,finalized,478,8508,1,50.0,02/07/2025 2:15,digital,pLin
117660,24/06/2025 21:05,03/07/2025 6:58,finalized,191,8518,1,99.99,03/07/2025 6:58,Transferencia bancaria,bbvA
119354,24/06/2025 6:28,02/07/2025 13:56,finalized,957,8645,1,299.98,02/07/2025 13:56,digital,YAPe
119476,24/06/2025 9:51,28/06/2025 5:01,finalized,379,8652,1,129.99,28/06/2025 5:01,digital,pLin
119514,24/06/2025 23:55,01/07/2025 14:31,finalized,1073,8655,1,199.99,01/07/2025 14:31,Transferencia bancaria, Scotiabank
120261,24/06/2025 12:34,28/06/2025 16:10,finalized,579,8704,5,199.95,28/06/2025 16:10,efectivo,efectivo
120312,24/06/2025 20:39,01/07/2025 11:28,finalized,379,8707,1,129.99,01/07/2025 11:28,efectivo,efectivo
121113,24/06/2025 18:53,28/06/2025 22:44,finalized,478,8766,2,100.0,28/06/2025 22:44,digital,PliN
121331,24/06/2025 10:21,02/07/2025 2:33,finalized,1073,8782,1,199.99,02/07/2025 2:33,efectivo,efectivo
121738,24/06/2025 8:56,02/07/2025 4:48,finalized,191,8810,3,299.97,02/07/2025 4:48,efectivo,efectivo
122059,24/06/2025 6:41,03/07/2025 6:56,finalized,1004,8835,1,399.98,03/07/2025 6:56,efectivo,efectivo
122863,24/06/2025 0:52,02/07/2025 16:53,finalized,1004,8897,1,399.98,02/07/2025 16:53,digital,PliN
122865,24/06/2025 9:12,28/06/2025 16:13,finalized,1004,8897,1,399.98,28/06/2025 16:13,Transferencia bancaria,BCP
122871,24/06/2025 22:37,29/06/2025 22:37,finalized,191,8897,1,99.99,29/06/2025 22:37,efectivo,efectivo
124035,24/06/2025 16:54,29/06/2025 22:13,finalized,882,8978,1,24.99,29/06/2025 22:13,Transferencia bancaria,BCP
125190,24/06/2025 16:27,29/06/2025 19:26,finalized,1014,9062,3,149.94,29/06/2025 19:26,Transferencia bancaria, BCP   
125222,24/06/2025 5:14,29/06/2025 9:44,finalized,379,9064,1,129.99,29/06/2025 9:44,Transferencia bancaria,Interbank
125298,24/06/2025 18:07,29/06/2025 4:38,finalized,957,9071,1,299.98,29/06/2025 4:38,efectivo,efectivo
125574,24/06/2025 19:57,04/07/2025 5:37,finalized,1004,9089,1,399.98,04/07/2025 5:37,digital,PliN
126732,24/06/2025 12:45,28/06/2025 7:48,finalized,1004,9172,1,399.98,28/06/2025 7:48,Transferencia bancaria,BcP
126763,24/06/2025 17:21,28/06/2025 8:31,finalized,579,9174,4,159.96,28/06/2025 8:31,digital,YAPe
126791,24/06/2025 18:05,02/07/2025 5:14,finalized,957,9176,1,299.98,02/07/2025 5:14,Transferencia bancaria,BCP
127173,24/06/2025 13:23,05/07/2025 7:55,finalized,191,9201,5,499.95,05/07/2025 7:55,Transferencia bancaria,BCP
127365,24/06/2025 18:36,04/07/2025 10:53,finalized,1004,9218,1,399.98,04/07/2025 10:53,efectivo,efectivo
128160,24/06/2025 0:49,03/07/2025 12:24,finalized,1014,9274,2,99.96,03/07/2025 12:24,efectivo,efectivo
128284,24/06/2025 5:32,29/06/2025 7:21,finalized,478,9283,3,150.0,29/06/2025 7:21,efectivo,efectivo
128367,24/06/2025 9:26,29/06/2025 17:08,finalized,478,9288,2,100.0,29/06/2025 17:08,efectivo,efectivo
129056,24/06/2025 5:11,03/07/2025 19:26,finalized,1004,9337,1,399.98,03/07/2025 19:26,Transferencia bancaria,BcP
129186,24/06/2025 20:14,03/07/2025 3:10,finalized,548,9345,1,39.99,03/07/2025 3:10,efectivo,efectivo
129216,24/06/2025 7:49,27/06/2025 14:12,finalized,579,9348,4,159.96,27/06/2025 14:12,efectivo,efectivo
130492,24/06/2025 3:55,04/07/2025 22:36,finalized,379,9435,1,129.99,04/07/2025 22:36,digital,PliN
130518,24/06/2025 7:42,02/07/2025 7:43,finalized,341,9436,3,179.97,02/07/2025 7:43,Transferencia bancaria,PichinchA
133048,24/06/2025 3:35,04/07/2025 17:54,finalized,977,9615,5,149.95,04/07/2025 17:54,efectivo,efectivo
133550,24/06/2025 15:04,03/07/2025 9:45,finalized,341,9657,1,59.99,03/07/2025 9:45,efectivo,efectivo
133967,24/06/2025 0:04,30/06/2025 15:21,finalized,1004,9687,1,399.98,30/06/2025 15:21,efectivo,efectivo
134776,24/06/2025 18:39,01/07/2025 0:12,finalized,191,9737,2,199.98,01/07/2025 0:12,digital,YAPe
135555,24/06/2025 2:36,03/07/2025 10:55,finalized,1004,9793,1,399.98,03/07/2025 10:55,Transferencia bancaria,bbvA
135855,24/06/2025 4:48,03/07/2025 6:51,finalized,770,9819,2,95.98,03/07/2025 6:51,digital,yapE
135912,24/06/2025 15:38,29/06/2025 23:46,finalized,478,9821,2,100.0,29/06/2025 23:46,efectivo,efectivo
135954,24/06/2025 7:02,29/06/2025 22:41,finalized,478,9823,2,100.0,29/06/2025 22:41,Transferencia bancaria,bbvA
136863,24/06/2025 14:45,05/07/2025 2:34,finalized,579,9891,3,119.97,05/07/2025 2:34,digital,yapE
137414,24/06/2025 2:58,03/07/2025 13:06,finalized,579,9933,3,119.97,03/07/2025 13:06,Transferencia bancaria,Scotiabank
137656,24/06/2025 17:55,28/06/2025 6:49,finalized,379,9950,1,129.99,28/06/2025 6:49,efectivo,efectivo
138359,24/06/2025 19:24,30/06/2025 4:06,finalized,249,10005,5,274.85,30/06/2025 4:06,digital,yapE
140196,24/06/2025 2:24,28/06/2025 3:53,finalized,1004,10136,1,399.98,28/06/2025 3:53,efectivo,efectivo
140464,24/06/2025 1:25,02/07/2025 9:41,finalized,1073,10153,1,199.99,02/07/2025 9:41,Transferencia bancaria,BCP
140585,24/06/2025 1:33,01/07/2025 2:29,finalized,341,10161,5,299.95,01/07/2025 2:29,Transferencia bancaria,bcp
140659,24/06/2025 9:01,28/06/2025 19:01,finalized,478,10165,2,100.0,28/06/2025 19:01,efectivo,efectivo
140973,24/06/2025 11:02,01/07/2025 1:15,finalized,1073,10190,1,199.99,01/07/2025 1:15,efectivo,efectivo
141183,24/06/2025 20:38,29/06/2025 4:35,finalized,861,10208,5,124.95,29/06/2025 4:35,efectivo,efectivo
142069,24/06/2025 0:07,03/07/2025 9:46,finalized,1073,10269,1,199.99,03/07/2025 9:46,digital,YAPe
142422,24/06/2025 19:03,30/06/2025 9:44,finalized,1014,10292,5,249.9,30/06/2025 9:44,Transferencia bancaria,PichinchA
142929,24/06/2025 5:31,27/06/2025 14:56,finalized,191,10327,1,99.99,27/06/2025 14:56,digital,pLin
142986,24/06/2025 8:43,03/07/2025 16:02,finalized,341,10333,2,119.98,03/07/2025 16:02,efectivo,efectivo
144200,24/06/2025 0:27,03/07/2025 21:46,finalized,1073,10427,1,199.99,03/07/2025 21:46,efectivo,efectivo
144208,24/06/2025 5:33,04/07/2025 18:04,finalized,579,10427,2,79.98,04/07/2025 18:04,efectivo,efectivo
145012,24/06/2025 19:56,03/07/2025 2:34,finalized,1014,10490,2,99.96,03/07/2025 2:34,efectivo,efectivo
145039,24/06/2025 0:08,28/06/2025 9:01,finalized,1073,10491,1,199.99,28/06/2025 9:01,digital,PliN
145571,24/06/2025 3:43,03/07/2025 10:18,finalized,957,10525,1,299.98,03/07/2025 10:18,Transferencia bancaria,scotiabank
146387,24/06/2025 3:52,01/07/2025 3:05,finalized,379,10585,1,129.99,01/07/2025 3:05,digital,yapE
146499,24/06/2025 4:14,28/06/2025 10:03,finalized,341,10591,4,239.96,28/06/2025 10:03,Transferencia bancaria,BCP
146690,24/06/2025 19:20,05/07/2025 15:20,finalized,1014,10604,1,49.98,05/07/2025 15:20,efectivo,efectivo
147426,24/06/2025 2:32,03/07/2025 21:56,finalized,1014,10657,2,99.96,03/07/2025 21:56,Transferencia bancaria,Interbank
147609,24/06/2025 8:30,01/07/2025 14:34,finalized,478,10670,1,50.0,01/07/2025 14:34,efectivo,efectivo
147621,24/06/2025 4:06,30/06/2025 18:19,finalized,1073,10672,1,199.99,30/06/2025 18:19,Transferencia bancaria, Scotiabank
150088,24/06/2025 9:39,29/06/2025 10:45,finalized,341,10845,1,59.99,29/06/2025 10:45,Transferencia bancaria,pichincha
150395,24/06/2025 0:10,02/07/2025 16:27,finalized,869,10866,4,99.96,02/07/2025 16:27,efectivo,efectivo
150468,24/06/2025 17:03,05/07/2025 13:19,finalized,1073,10873,1,199.99,05/07/2025 13:19,Transferencia bancaria,bcp
151125,24/06/2025 17:21,30/06/2025 16:46,finalized,1073,10922,1,199.99,30/06/2025 16:46,Transferencia bancaria,Interbank
152736,24/06/2025 10:08,04/07/2025 11:48,finalized,341,11044,4,239.96,04/07/2025 11:48,digital,yapE
152948,24/06/2025 22:05,02/07/2025 7:24,finalized,379,11058,1,129.99,02/07/2025 7:24,digital,PliN
152949,24/06/2025 18:30,04/07/2025 8:28,finalized,379,11058,1,129.99,04/07/2025 8:28,digital,yapE
153883,24/06/2025 21:45,05/07/2025 10:31,finalized,579,11124,1,39.99,05/07/2025 10:31,Transferencia bancaria,Interbank
154522,24/06/2025 19:44,01/07/2025 0:33,finalized,579,11164,5,199.95,01/07/2025 0:33,digital,pLin
154597,24/06/2025 20:20,01/07/2025 7:13,finalized,1073,11170,1,199.99,01/07/2025 7:13,efectivo,efectivo
155767,24/06/2025 11:13,04/07/2025 18:43,finalized,957,11265,1,299.98,04/07/2025 18:43,digital,PliN
156976,24/06/2025 23:39,04/07/2025 9:02,finalized,1073,11356,1,199.99,04/07/2025 9:02,digital,pLin
157030,24/06/2025 9:53,28/06/2025 20:29,finalized,1014,11360,2,99.96,28/06/2025 20:29,Transferencia bancaria, BCP   
157213,24/06/2025 13:40,01/07/2025 6:58,finalized,341,11376,5,299.95,01/07/2025 6:58,efectivo,efectivo
157478,24/06/2025 20:59,30/06/2025 4:26,finalized,379,11390,1,129.99,30/06/2025 4:26,digital,yapE
157720,24/06/2025 20:07,01/07/2025 12:38,finalized,379,11407,1,129.99,01/07/2025 12:38,Transferencia bancaria,bcp
157973,24/06/2025 2:49,02/07/2025 2:10,finalized,745,11422,2,29.98,02/07/2025 2:10,digital,pLin
158328,24/06/2025 2:32,30/06/2025 1:45,finalized,379,11444,1,129.99,30/06/2025 1:45,efectivo,efectivo
159711,24/06/2025 21:13,04/07/2025 9:50,finalized,1004,11542,1,399.98,04/07/2025 9:50,Transferencia bancaria,BBVA   
160123,24/06/2025 13:29,29/06/2025 1:48,finalized,1073,11574,1,199.99,29/06/2025 1:48,digital,yapE
160440,24/06/2025 21:16,05/07/2025 1:20,finalized,341,11595,4,239.96,05/07/2025 1:20,digital,PliN
160591,24/06/2025 1:35,03/07/2025 6:39,finalized,379,11606,1,129.99,03/07/2025 6:39,Transferencia bancaria,BcP
161139,24/06/2025 23:51,01/07/2025 7:16,finalized,379,11650,1,129.99,01/07/2025 7:16,digital,PliN
161392,24/06/2025 12:10,04/07/2025 2:50,finalized,1014,11667,5,249.9,04/07/2025 2:50,efectivo,efectivo
161470,24/06/2025 2:22,04/07/2025 3:37,finalized,379,11672,1,129.99,04/07/2025 3:37,digital,yapE
162798,24/06/2025 4:18,28/06/2025 0:36,finalized,579,11766,5,199.95,28/06/2025 0:36,digital,pLin
162886,24/06/2025 19:05,03/07/2025 4:19,finalized,379,11769,1,129.99,03/07/2025 4:19,Transferencia bancaria,BBVA   
163180,24/06/2025 21:59,02/07/2025 18:11,finalized,44,11789,2,119.98,02/07/2025 18:11,digital,pLin
164294,24/06/2025 6:35,30/06/2025 19:29,finalized,341,11875,2,119.98,30/06/2025 19:29,Transferencia bancaria,bbvA
165503,24/06/2025 18:23,02/07/2025 22:56,finalized,341,11959,2,119.98,02/07/2025 22:56,digital,PliN
165937,24/06/2025 4:23,05/07/2025 1:08,finalized,1014,11989,2,99.96,05/07/2025 1:08,Transferencia bancaria,BCP
166037,24/06/2025 18:31,28/06/2025 14:55,finalized,191,11995,4,399.96,28/06/2025 14:55,Transferencia bancaria,IntERBANK 
166545,24/06/2025 14:59,02/07/2025 2:19,finalized,1073,12032,1,199.99,02/07/2025 2:19,Transferencia bancaria,Interbank
166672,24/06/2025 3:58,03/07/2025 15:39,finalized,957,12039,1,299.98,03/07/2025 15:39,efectivo,efectivo
167849,24/06/2025 23:04,30/06/2025 22:59,finalized,341,12121,1,59.99,30/06/2025 22:59,Transferencia bancaria,BCP
168456,24/06/2025 17:01,05/07/2025 13:38,finalized,579,12168,2,79.98,05/07/2025 13:38,Transferencia bancaria,SCOTIABANK
169326,24/06/2025 20:49,01/07/2025 12:47,finalized,379,12226,1,129.99,01/07/2025 12:47,digital,PliN
169345,24/06/2025 9:19,28/06/2025 9:44,finalized,1073,12228,1,199.99,28/06/2025 9:44,Transferencia bancaria,BCP
169635,24/06/2025 5:29,02/07/2025 1:26,finalized,191,12249,1,99.99,02/07/2025 1:26,Transferencia bancaria, BCP   
170106,24/06/2025 11:00,05/07/2025 5:52,finalized,957,12285,1,299.98,05/07/2025 5:52,digital,PliN
170854,24/06/2025 9:39,02/07/2025 0:54,finalized,341,12339,4,239.96,02/07/2025 0:54,digital,pLin
171132,24/06/2025 13:49,01/07/2025 15:29,finalized,478,12360,1,50.0,01/07/2025 15:29,efectivo,efectivo
171289,24/06/2025 1:43,02/07/2025 3:51,finalized,1014,12370,3,149.94,02/07/2025 3:51,efectivo,efectivo
171470,24/06/2025 6:30,04/07/2025 17:41,finalized,957,12382,1,299.98,04/07/2025 17:41,digital,YAPe
171847,24/06/2025 22:13,02/07/2025 18:21,finalized,1014,12413,1,49.98,02/07/2025 18:21,Transferencia bancaria,SCOTIABANK
197891,24/06/2025 13:03,02/07/2025 6:15,finalized,780,95,3,95.97,02/07/2025 6:15,digital,YAPe
197892,24/06/2025 4:32,05/07/2025 4:05,finalized,1014,96,4,199.92,05/07/2025 4:05,efectivo,efectivo
198030,24/06/2025 16:30,30/06/2025 22:34,finalized,579,107,2,79.98,30/06/2025 22:34,Transferencia bancaria,bbvA
198442,24/06/2025 11:51,28/06/2025 14:08,finalized,926,142,5,79.95,28/06/2025 14:08,digital,YAPe
199902,24/06/2025 4:21,28/06/2025 3:31,finalized,379,245,1,129.99,28/06/2025 3:31,efectivo,efectivo
200074,24/06/2025 22:21,04/07/2025 8:27,finalized,478,257,4,200.0,04/07/2025 8:27,digital,yapE
200480,24/06/2025 3:33,28/06/2025 15:09,finalized,1014,288,2,99.96,28/06/2025 15:09,digital,PliN
200632,24/06/2025 21:11,03/07/2025 12:24,finalized,379,298,1,129.99,03/07/2025 12:24,digital,YAPe
200685,24/06/2025 7:30,02/07/2025 7:29,finalized,1004,305,1,399.98,02/07/2025 7:29,Transferencia bancaria, Scotiabank
201153,24/06/2025 20:13,03/07/2025 16:57,finalized,191,336,3,299.97,03/07/2025 16:57,digital,PliN
201298,24/06/2025 2:47,01/07/2025 18:03,finalized,341,346,3,179.97,01/07/2025 18:03,efectivo,efectivo
201631,24/06/2025 5:45,29/06/2025 10:03,finalized,957,370,1,299.98,29/06/2025 10:03,efectivo,efectivo
201941,24/06/2025 8:07,30/06/2025 8:49,finalized,478,390,1,50.0,30/06/2025 8:49,digital,yapE
202564,24/06/2025 11:34,03/07/2025 11:58,finalized,1004,437,1,399.98,03/07/2025 11:58,efectivo,efectivo
202614,24/06/2025 21:04,01/07/2025 6:30,finalized,341,439,2,119.98,01/07/2025 6:30,Transferencia bancaria,IntERBANK 
202836,24/06/2025 20:05,03/07/2025 14:45,finalized,478,452,4,200.0,03/07/2025 14:45,Transferencia bancaria,Scotiabank
203245,24/06/2025 14:19,29/06/2025 6:15,finalized,926,481,3,47.97,29/06/2025 6:15,efectivo,efectivo
203407,24/06/2025 11:11,02/07/2025 8:21,finalized,478,490,4,200.0,02/07/2025 8:21,Transferencia bancaria,scotiabank
204004,24/06/2025 9:10,02/07/2025 13:29,finalized,1014,534,1,49.98,02/07/2025 13:29,Transferencia bancaria,bcp
204098,24/06/2025 20:25,30/06/2025 13:21,finalized,1014,542,2,99.96,30/06/2025 13:21,efectivo,efectivo
204381,24/06/2025 22:41,01/07/2025 8:49,finalized,191,560,3,299.97,01/07/2025 8:49,digital,PliN
204448,24/06/2025 21:07,04/07/2025 1:40,finalized,1014,564,3,149.94,04/07/2025 1:40,efectivo,efectivo
204875,24/06/2025 16:41,02/07/2025 9:01,finalized,379,599,1,129.99,02/07/2025 9:01,efectivo,efectivo
205048,24/06/2025 13:08,05/07/2025 11:34,finalized,1004,613,1,399.98,05/07/2025 11:34,efectivo,efectivo
205120,24/06/2025 4:41,04/07/2025 13:38,finalized,478,618,5,250.0,04/07/2025 13:38,Transferencia bancaria,BcP
205653,24/06/2025 11:34,02/07/2025 7:57,finalized,1073,651,1,199.99,02/07/2025 7:57,digital,PliN
205780,24/06/2025 11:13,04/07/2025 14:19,finalized,594,664,3,90.0,04/07/2025 14:19,efectivo,efectivo
205953,24/06/2025 23:38,30/06/2025 13:58,finalized,1014,676,3,149.94,30/06/2025 13:58,digital,pLin
206191,24/06/2025 16:24,29/06/2025 4:03,finalized,478,690,5,250.0,29/06/2025 4:03,efectivo,efectivo
206260,24/06/2025 16:10,01/07/2025 20:46,finalized,579,696,4,159.96,01/07/2025 20:46,Transferencia bancaria,scotiabank
206733,24/06/2025 5:20,30/06/2025 2:45,finalized,379,731,1,129.99,30/06/2025 2:45,Transferencia bancaria,scotiabank
206734,24/06/2025 15:04,28/06/2025 10:36,finalized,957,731,1,299.98,28/06/2025 10:36,efectivo,efectivo
207903,24/06/2025 0:59,28/06/2025 17:45,finalized,379,816,1,129.99,28/06/2025 17:45,digital,yapE
209184,24/06/2025 5:10,27/06/2025 8:35,finalized,478,910,4,200.0,27/06/2025 8:35,Transferencia bancaria,  Pichincha  
209423,24/06/2025 5:21,03/07/2025 17:52,finalized,1004,929,1,399.98,03/07/2025 17:52,efectivo,efectivo
209558,24/06/2025 14:15,01/07/2025 5:38,finalized,1004,938,1,399.98,01/07/2025 5:38,digital,YAPe
209980,24/06/2025 8:46,03/07/2025 10:46,finalized,191,966,5,499.95,03/07/2025 10:46,efectivo,efectivo
211462,24/06/2025 6:01,04/07/2025 9:51,finalized,1073,1076,1,199.99,04/07/2025 9:51,efectivo,efectivo
211713,24/06/2025 10:56,05/07/2025 5:02,finalized,957,1099,1,299.98,05/07/2025 5:02,Transferencia bancaria,BBVA   
211737,24/06/2025 18:03,05/07/2025 1:57,finalized,957,1100,1,299.98,05/07/2025 1:57,digital,YAPe
212375,24/06/2025 17:25,27/06/2025 18:12,finalized,341,1146,2,119.98,27/06/2025 18:12,efectivo,efectivo
212395,24/06/2025 4:22,04/07/2025 1:20,finalized,341,1148,3,179.97,04/07/2025 1:20,Transferencia bancaria,BcP
212539,24/06/2025 6:04,28/06/2025 21:13,finalized,341,1157,2,119.98,28/06/2025 21:13,Transferencia bancaria,bcp
212559,24/06/2025 15:54,29/06/2025 3:21,finalized,478,1158,4,200.0,29/06/2025 3:21,digital,pLin
212638,24/06/2025 5:17,29/06/2025 2:53,finalized,341,1163,4,239.96,29/06/2025 2:53,digital,YAPe
214555,24/06/2025 3:00,04/07/2025 2:19,finalized,1014,1307,4,199.92,04/07/2025 2:19,digital,pLin
214618,24/06/2025 16:05,03/07/2025 20:03,finalized,680,1311,5,325.0,03/07/2025 20:03,digital,yapE
215097,24/06/2025 4:39,27/06/2025 12:45,finalized,282,1353,3,95.97,27/06/2025 12:45,efectivo,efectivo
215478,24/06/2025 3:14,04/07/2025 1:36,finalized,1014,1379,2,99.96,04/07/2025 1:36,efectivo,efectivo
215876,24/06/2025 7:41,03/07/2025 14:02,finalized,191,1408,3,299.97,03/07/2025 14:02,efectivo,efectivo
216363,24/06/2025 2:29,27/06/2025 23:22,finalized,579,1445,2,79.98,27/06/2025 23:22,Transferencia bancaria, BCP   
216501,24/06/2025 21:54,05/07/2025 21:49,finalized,341,1455,3,179.97,05/07/2025 21:49,Transferencia bancaria,  Pichincha  
216987,24/06/2025 11:10,04/07/2025 11:47,finalized,1004,1492,1,399.98,04/07/2025 11:47,Transferencia bancaria,Scotiabank
217067,24/06/2025 18:52,30/06/2025 0:47,finalized,957,1497,1,299.98,30/06/2025 0:47,efectivo,efectivo
217222,24/06/2025 12:03,27/06/2025 18:27,finalized,341,1507,5,299.95,27/06/2025 18:27,efectivo,efectivo
217333,24/06/2025 1:49,04/07/2025 13:12,finalized,478,1514,5,250.0,04/07/2025 13:12,Transferencia bancaria,bbvA
217508,24/06/2025 21:04,28/06/2025 14:59,finalized,957,1527,1,299.98,28/06/2025 14:59,Transferencia bancaria,BBVA   
217594,24/06/2025 6:25,01/07/2025 6:10,finalized,341,1534,2,119.98,01/07/2025 6:10,digital,PliN
217791,24/06/2025 8:33,28/06/2025 5:36,finalized,379,1544,1,129.99,28/06/2025 5:36,efectivo,efectivo
218434,24/06/2025 20:16,28/06/2025 12:41,finalized,478,1588,5,250.0,28/06/2025 12:41,Transferencia bancaria,bcp
218708,24/06/2025 19:05,29/06/2025 12:53,finalized,478,1603,2,100.0,29/06/2025 12:53,digital,YAPe
218791,24/06/2025 4:10,27/06/2025 13:12,finalized,1073,1609,1,199.99,27/06/2025 13:12,digital,pLin
219660,24/06/2025 3:19,29/06/2025 7:29,finalized,379,1671,1,129.99,29/06/2025 7:29,digital,yapE
219709,24/06/2025 20:20,29/06/2025 21:21,finalized,1004,1674,1,399.98,29/06/2025 21:21,efectivo,efectivo
220723,24/06/2025 3:06,01/07/2025 19:58,finalized,917,1748,4,87.96,01/07/2025 19:58,efectivo,efectivo
220724,24/06/2025 8:44,04/07/2025 0:31,finalized,1014,1748,4,199.92,04/07/2025 0:31,digital,yapE
220781,24/06/2025 0:16,04/07/2025 19:12,finalized,1014,1751,4,199.92,04/07/2025 19:12,Transferencia bancaria,PichinchA
221008,24/06/2025 14:42,29/06/2025 21:43,finalized,341,1766,4,239.96,29/06/2025 21:43,Transferencia bancaria, BCP   
221399,24/06/2025 13:12,05/07/2025 3:13,finalized,1004,1795,1,399.98,05/07/2025 3:13,efectivo,efectivo
221488,24/06/2025 5:54,02/07/2025 5:36,finalized,1073,1801,1,199.99,02/07/2025 5:36,efectivo,efectivo
221645,24/06/2025 3:41,02/07/2025 9:47,finalized,1014,1810,4,199.92,02/07/2025 9:47,Transferencia bancaria,bcp
221849,24/06/2025 12:07,30/06/2025 3:54,finalized,861,1824,2,49.98,30/06/2025 3:54,Transferencia bancaria, BCP   
221881,24/06/2025 13:53,04/07/2025 4:48,finalized,774,1825,2,95.98,04/07/2025 4:48,efectivo,efectivo
223124,24/06/2025 3:33,04/07/2025 12:14,finalized,1014,1907,5,249.9,04/07/2025 12:14,digital,YAPe
223382,24/06/2025 8:15,03/07/2025 19:08,finalized,1004,1922,1,399.98,03/07/2025 19:08,efectivo,efectivo
223469,24/06/2025 23:33,04/07/2025 0:01,finalized,341,1928,2,119.98,04/07/2025 0:01,Transferencia bancaria,  Pichincha  
223677,24/06/2025 4:43,04/07/2025 3:11,finalized,379,1940,1,129.99,04/07/2025 3:11,digital,PliN
223995,24/06/2025 20:12,28/06/2025 7:31,finalized,957,1962,1,299.98,28/06/2025 7:31,efectivo,efectivo
224715,24/06/2025 5:39,29/06/2025 13:17,finalized,1014,2011,1,49.98,29/06/2025 13:17,digital,PliN
225630,24/06/2025 19:00,05/07/2025 6:03,finalized,1014,2079,2,99.96,05/07/2025 6:03,Transferencia bancaria,scotiabank
225862,24/06/2025 20:46,02/07/2025 6:06,finalized,478,2093,3,150.0,02/07/2025 6:06,efectivo,efectivo
226519,24/06/2025 7:35,05/07/2025 0:27,finalized,379,2143,1,129.99,05/07/2025 0:27,Transferencia bancaria,PichinchA
226667,24/06/2025 13:15,03/07/2025 8:01,finalized,1014,2153,1,49.98,03/07/2025 8:01,Transferencia bancaria,bbvA
226765,24/06/2025 2:13,30/06/2025 16:23,finalized,1004,2158,1,399.98,30/06/2025 16:23,digital,PliN
226811,24/06/2025 6:58,28/06/2025 0:02,finalized,1004,2163,1,399.98,28/06/2025 0:02,digital,pLin
226977,24/06/2025 3:58,01/07/2025 9:51,finalized,478,2177,2,100.0,01/07/2025 9:51,Transferencia bancaria,  Pichincha  
228156,24/06/2025 20:36,02/07/2025 6:33,finalized,1004,2258,1,399.98,02/07/2025 6:33,efectivo,efectivo
228197,24/06/2025 3:55,27/06/2025 11:07,finalized,579,2263,1,39.99,27/06/2025 11:07,efectivo,efectivo
228707,24/06/2025 14:36,02/07/2025 9:40,finalized,341,2301,4,239.96,02/07/2025 9:40,Transferencia bancaria, Scotiabank
228902,24/06/2025 8:05,27/06/2025 23:55,finalized,1014,2314,4,199.92,27/06/2025 23:55,efectivo,efectivo
229244,24/06/2025 16:37,04/07/2025 7:41,finalized,379,2336,1,129.99,04/07/2025 7:41,efectivo,efectivo
229877,24/06/2025 22:50,30/06/2025 2:11,finalized,191,2385,4,399.96,30/06/2025 2:11,Transferencia bancaria, BCP   
230397,24/06/2025 2:05,29/06/2025 16:52,finalized,579,2426,4,159.96,29/06/2025 16:52,digital,yapE
231692,24/06/2025 15:40,05/07/2025 15:18,finalized,730,2520,1,24.99,05/07/2025 15:18,Transferencia bancaria,pichincha
232821,24/06/2025 10:13,30/06/2025 5:05,finalized,379,2605,1,129.99,30/06/2025 5:05,digital,PliN
233849,24/06/2025 13:46,01/07/2025 13:48,finalized,676,2678,5,500.0,01/07/2025 13:48,efectivo,efectivo
234131,24/06/2025 3:17,01/07/2025 12:35,finalized,957,2699,1,299.98,01/07/2025 12:35,efectivo,efectivo
234431,24/06/2025 18:27,02/07/2025 23:34,finalized,478,2719,2,100.0,02/07/2025 23:34,digital,YAPe
234526,24/06/2025 7:43,04/07/2025 9:58,finalized,579,2725,4,159.96,04/07/2025 9:58,efectivo,efectivo
234554,24/06/2025 23:11,03/07/2025 13:01,finalized,379,2727,1,129.99,03/07/2025 13:01,digital,yapE
234824,24/06/2025 21:35,03/07/2025 22:27,finalized,379,2748,1,129.99,03/07/2025 22:27,efectivo,efectivo
234861,24/06/2025 20:40,01/07/2025 20:02,finalized,1073,2750,1,199.99,01/07/2025 20:02,Transferencia bancaria,BcP
234973,24/06/2025 13:49,01/07/2025 22:03,finalized,341,2757,1,59.99,01/07/2025 22:03,Transferencia bancaria,BcP
234980,24/06/2025 16:58,27/06/2025 21:46,finalized,341,2758,3,179.97,27/06/2025 21:46,digital,YAPe
235609,24/06/2025 2:53,02/07/2025 11:33,finalized,478,2800,3,150.0,02/07/2025 11:33,Transferencia bancaria,BBVA   
236288,24/06/2025 3:23,28/06/2025 15:39,finalized,478,2848,3,150.0,28/06/2025 15:39,Transferencia bancaria,SCOTIABANK
236588,24/06/2025 15:22,01/07/2025 16:12,finalized,341,2872,3,179.97,01/07/2025 16:12,Transferencia bancaria, BCP   
236880,24/06/2025 19:06,29/06/2025 0:05,finalized,341,2895,5,299.95,29/06/2025 0:05,efectivo,efectivo
236943,24/06/2025 10:26,04/07/2025 11:00,finalized,540,2901,2,60.0,04/07/2025 11:00,Transferencia bancaria,bcp
237624,24/06/2025 3:28,04/07/2025 23:22,finalized,957,2952,1,299.98,04/07/2025 23:22,efectivo,efectivo
238446,24/06/2025 9:25,04/07/2025 17:20,finalized,1004,3022,1,399.98,04/07/2025 17:20,digital,PliN
238579,24/06/2025 2:33,30/06/2025 3:00,finalized,579,3032,5,199.95,30/06/2025 3:00,digital,PliN
238715,24/06/2025 7:28,02/07/2025 19:37,finalized,1073,3039,1,199.99,02/07/2025 19:37,digital,yapE
239010,24/06/2025 16:45,28/06/2025 20:58,finalized,478,3066,5,250.0,28/06/2025 20:58,digital,PliN
239160,24/06/2025 21:36,04/07/2025 0:21,finalized,1004,3077,1,399.98,04/07/2025 0:21,digital,PliN
239361,24/06/2025 10:16,28/06/2025 15:16,finalized,1014,3093,5,249.9,28/06/2025 15:16,efectivo,efectivo
239470,24/06/2025 4:50,01/07/2025 4:56,finalized,379,3101,1,129.99,01/07/2025 4:56,digital,yapE
239595,24/06/2025 1:09,01/07/2025 6:01,finalized,957,3113,1,299.98,01/07/2025 6:01,digital,YAPe
240049,24/06/2025 16:04,30/06/2025 14:08,finalized,1014,3144,4,199.92,30/06/2025 14:08,efectivo,efectivo
240318,24/06/2025 0:17,30/06/2025 1:02,finalized,379,3161,1,129.99,30/06/2025 1:02,digital,yapE
240396,24/06/2025 17:35,30/06/2025 17:37,finalized,957,3166,1,299.98,30/06/2025 17:37,digital,yapE
241558,24/06/2025 15:01,02/07/2025 10:26,finalized,1014,3244,2,99.96,02/07/2025 10:26,efectivo,efectivo
242189,24/06/2025 7:36,27/06/2025 11:03,finalized,957,3294,1,299.98,27/06/2025 11:03,Transferencia bancaria,BBVA   
242608,24/06/2025 1:20,28/06/2025 8:38,finalized,957,3321,1,299.98,28/06/2025 8:38,digital,PliN
242612,24/06/2025 12:54,28/06/2025 21:29,finalized,379,3322,1,129.99,28/06/2025 21:29,efectivo,efectivo
242919,24/06/2025 16:30,01/07/2025 11:09,finalized,341,3344,1,59.99,01/07/2025 11:09,Transferencia bancaria,IntERBANK 
245024,24/06/2025 15:38,02/07/2025 7:38,finalized,379,3497,1,129.99,02/07/2025 7:38,Transferencia bancaria,Interbank
245697,24/06/2025 20:52,03/07/2025 19:34,finalized,1014,3540,4,199.92,03/07/2025 19:34,Transferencia bancaria,  Pichincha  
245785,24/06/2025 8:18,27/06/2025 19:48,finalized,774,3546,3,143.97,27/06/2025 19:48,digital,YAPe
245873,24/06/2025 10:01,04/07/2025 4:25,finalized,1014,3551,5,249.9,04/07/2025 4:25,Transferencia bancaria, BCP   
246029,24/06/2025 10:45,28/06/2025 14:09,finalized,1014,3561,5,249.9,28/06/2025 14:09,Transferencia bancaria,bcp
246549,24/06/2025 12:11,30/06/2025 12:21,finalized,957,3596,1,299.98,30/06/2025 12:21,Transferencia bancaria,BcP
246937,24/06/2025 17:10,28/06/2025 18:21,finalized,341,3625,1,59.99,28/06/2025 18:21,Transferencia bancaria, BCP   
247506,24/06/2025 21:14,04/07/2025 21:48,finalized,579,3667,4,159.96,04/07/2025 21:48,efectivo,efectivo
248436,24/06/2025 4:58,30/06/2025 13:13,finalized,379,3733,1,129.99,30/06/2025 13:13,efectivo,efectivo
248816,24/06/2025 20:47,02/07/2025 10:36,finalized,1014,3757,2,99.96,02/07/2025 10:36,efectivo,efectivo
249048,24/06/2025 11:02,03/07/2025 23:52,finalized,379,3772,1,129.99,03/07/2025 23:52,efectivo,efectivo
249471,24/06/2025 5:19,29/06/2025 17:42,finalized,1073,3810,1,199.99,29/06/2025 17:42,digital,YAPe
249895,24/06/2025 1:54,29/06/2025 23:55,finalized,478,3844,4,200.0,29/06/2025 23:55,efectivo,efectivo
249972,24/06/2025 21:29,05/07/2025 17:37,finalized,191,3853,3,299.97,05/07/2025 17:37,Transferencia bancaria,Scotiabank
250110,24/06/2025 16:37,02/07/2025 17:32,finalized,379,3865,1,129.99,02/07/2025 17:32,digital,PliN
251030,24/06/2025 19:19,28/06/2025 5:52,finalized,1073,3934,1,199.99,28/06/2025 5:52,efectivo,efectivo
252153,24/06/2025 20:04,28/06/2025 3:16,finalized,579,4009,2,79.98,28/06/2025 3:16,efectivo,efectivo
252383,24/06/2025 4:53,01/07/2025 18:51,finalized,341,4023,5,299.95,01/07/2025 18:51,digital,YAPe
252668,24/06/2025 19:53,01/07/2025 7:32,finalized,478,4044,4,200.0,01/07/2025 7:32,efectivo,efectivo
252861,24/06/2025 17:17,01/07/2025 8:42,finalized,191,4059,2,199.98,01/07/2025 8:42,digital,pLin
253376,24/06/2025 6:51,28/06/2025 11:40,finalized,341,4101,2,119.98,28/06/2025 11:40,efectivo,efectivo
253586,24/06/2025 4:25,04/07/2025 19:48,finalized,1073,4115,1,199.99,04/07/2025 19:48,efectivo,efectivo
253969,24/06/2025 17:07,29/06/2025 12:30,finalized,1073,4145,1,199.99,29/06/2025 12:30,efectivo,efectivo
254007,24/06/2025 19:44,02/07/2025 4:13,finalized,341,4148,4,239.96,02/07/2025 4:13,efectivo,efectivo
254624,24/06/2025 5:10,29/06/2025 10:15,finalized,579,4193,2,79.98,29/06/2025 10:15,efectivo,efectivo
255026,24/06/2025 6:00,03/07/2025 2:30,finalized,191,4219,1,99.99,03/07/2025 2:30,Transferencia bancaria,bcp
255212,24/06/2025 15:15,29/06/2025 10:55,finalized,1014,4229,4,199.92,29/06/2025 10:55,efectivo,efectivo
255395,24/06/2025 7:50,28/06/2025 9:32,finalized,379,4241,1,129.99,28/06/2025 9:32,Transferencia bancaria,BcP
255554,24/06/2025 15:44,01/07/2025 8:20,finalized,1004,4253,1,399.98,01/07/2025 8:20,efectivo,efectivo
256025,24/06/2025 10:52,01/07/2025 13:27,finalized,1073,4286,1,199.99,01/07/2025 13:27,digital,YAPe
256293,24/06/2025 5:42,02/07/2025 15:34,finalized,1073,4305,1,199.99,02/07/2025 15:34,digital,pLin
256954,24/06/2025 1:10,05/07/2025 0:17,finalized,579,4352,1,39.99,05/07/2025 0:17,digital,PliN
257304,24/06/2025 18:42,02/07/2025 11:30,finalized,977,4381,5,149.95,02/07/2025 11:30,efectivo,efectivo
257486,24/06/2025 0:24,28/06/2025 16:49,finalized,1004,4394,1,399.98,28/06/2025 16:49,efectivo,efectivo
257512,24/06/2025 4:32,30/06/2025 19:49,finalized,191,4396,5,499.95,30/06/2025 19:49,efectivo,efectivo
258197,24/06/2025 15:58,04/07/2025 7:29,finalized,478,4441,4,200.0,04/07/2025 7:29,Transferencia bancaria,bbvA
258595,24/06/2025 16:10,05/07/2025 6:43,finalized,756,4469,4,79.96,05/07/2025 6:43,Transferencia bancaria,SCOTIABANK
259605,24/06/2025 12:27,27/06/2025 15:37,finalized,341,4538,1,59.99,27/06/2025 15:37,Transferencia bancaria,BBVA   
259814,24/06/2025 0:54,29/06/2025 15:02,finalized,341,4552,3,179.97,29/06/2025 15:02,Transferencia bancaria,bcp
260068,24/06/2025 4:04,27/06/2025 17:16,finalized,1014,4571,4,199.92,27/06/2025 17:16,digital,YAPe
260767,24/06/2025 0:51,30/06/2025 0:59,finalized,191,4624,2,199.98,30/06/2025 0:59,digital,yapE
261237,24/06/2025 23:21,01/07/2025 5:09,finalized,957,4661,1,299.98,01/07/2025 5:09,digital,PliN
261987,24/06/2025 10:29,29/06/2025 20:14,finalized,1004,4712,1,399.98,29/06/2025 20:14,digital,PliN
262062,24/06/2025 9:50,03/07/2025 23:30,finalized,341,4718,1,59.99,03/07/2025 23:30,efectivo,efectivo
262133,24/06/2025 3:26,03/07/2025 20:09,finalized,341,4724,3,179.97,03/07/2025 20:09,efectivo,efectivo
262331,24/06/2025 12:52,04/07/2025 11:42,finalized,478,4739,3,150.0,04/07/2025 11:42,digital,pLin
262522,24/06/2025 9:45,29/06/2025 18:01,finalized,657,4754,1,119.99,29/06/2025 18:01,efectivo,efectivo
263254,24/06/2025 1:56,30/06/2025 1:35,finalized,957,4807,1,299.98,30/06/2025 1:35,digital,YAPe
263715,24/06/2025 16:31,30/06/2025 5:08,finalized,93,4846,2,49.98,30/06/2025 5:08,efectivo,efectivo
265002,24/06/2025 2:04,01/07/2025 14:14,finalized,1004,4936,1,399.98,01/07/2025 14:14,digital,YAPe
265263,24/06/2025 20:07,01/07/2025 15:39,finalized,1014,4952,4,199.92,01/07/2025 15:39,digital,pLin
265774,24/06/2025 1:41,30/06/2025 9:49,finalized,861,4992,3,74.97,30/06/2025 9:49,efectivo,efectivo
266125,24/06/2025 7:57,02/07/2025 10:31,finalized,1073,5013,1,199.99,02/07/2025 10:31,Transferencia bancaria,bbvA
267263,24/06/2025 18:24,04/07/2025 6:37,finalized,1014,5092,4,199.92,04/07/2025 6:37,efectivo,efectivo
267530,24/06/2025 2:35,04/07/2025 14:01,finalized,191,5110,2,199.98,04/07/2025 14:01,Transferencia bancaria,BCP
267589,24/06/2025 12:13,02/07/2025 9:03,finalized,926,5114,2,31.98,02/07/2025 9:03,Transferencia bancaria, BCP   
267998,24/06/2025 15:51,29/06/2025 14:17,finalized,478,5145,5,250.0,29/06/2025 14:17,digital,YAPe
270497,24/06/2025 14:10,30/06/2025 7:27,finalized,957,5311,1,299.98,30/06/2025 7:27,efectivo,efectivo
271268,24/06/2025 16:23,03/07/2025 19:54,finalized,37,5371,1,34.99,03/07/2025 19:54,digital,YAPe
271577,24/06/2025 5:50,27/06/2025 10:32,finalized,379,5395,1,129.99,27/06/2025 10:32,digital,pLin
272174,24/06/2025 20:53,04/07/2025 5:30,finalized,957,5434,1,299.98,04/07/2025 5:30,efectivo,efectivo
272813,24/06/2025 20:53,04/07/2025 20:19,finalized,1073,5480,1,199.99,04/07/2025 20:19,digital,yapE
273004,24/06/2025 7:41,04/07/2025 15:49,finalized,579,5493,1,39.99,04/07/2025 15:49,efectivo,efectivo
273266,24/06/2025 23:40,03/07/2025 14:21,finalized,379,5515,1,129.99,03/07/2025 14:21,Transferencia bancaria,PichinchA
273957,24/06/2025 0:26,28/06/2025 3:12,finalized,379,5564,1,129.99,28/06/2025 3:12,Transferencia bancaria,IntERBANK 
274427,24/06/2025 0:50,30/06/2025 5:29,finalized,478,5594,2,100.0,30/06/2025 5:29,digital,PliN
274738,24/06/2025 0:38,03/07/2025 2:56,finalized,478,5615,1,50.0,03/07/2025 2:56,digital,YAPe
274880,24/06/2025 11:57,28/06/2025 21:46,finalized,379,5624,1,129.99,28/06/2025 21:46,digital,YAPe
275011,24/06/2025 19:32,02/07/2025 23:24,finalized,957,5633,1,299.98,02/07/2025 23:24,Transferencia bancaria,pichincha
275584,24/06/2025 23:25,04/07/2025 10:20,finalized,341,5667,3,179.97,04/07/2025 10:20,digital,yapE
276149,24/06/2025 16:06,01/07/2025 3:47,finalized,680,5704,2,130.0,01/07/2025 3:47,efectivo,efectivo
276505,24/06/2025 0:28,02/07/2025 21:04,finalized,727,5725,1,9.99,02/07/2025 21:04,digital,yapE
276728,24/06/2025 3:27,01/07/2025 6:31,finalized,379,5739,1,129.99,01/07/2025 6:31,digital,yapE
277057,24/06/2025 20:44,04/07/2025 18:26,finalized,862,5763,2,49.98,04/07/2025 18:26,digital,YAPe
277821,24/06/2025 10:10,27/06/2025 14:27,finalized,478,5814,1,50.0,27/06/2025 14:27,efectivo,efectivo
278209,24/06/2025 0:47,28/06/2025 20:25,finalized,1004,5841,1,399.98,28/06/2025 20:25,efectivo,efectivo
278410,24/06/2025 11:34,02/07/2025 7:19,finalized,478,5855,5,250.0,02/07/2025 7:19,Transferencia bancaria,BBVA   
279685,24/06/2025 12:57,27/06/2025 21:32,finalized,957,5943,1,299.98,27/06/2025 21:32,Transferencia bancaria,BCP
280487,24/06/2025 17:58,02/07/2025 21:29,finalized,341,6003,4,239.96,02/07/2025 21:29,Transferencia bancaria, Scotiabank
280886,24/06/2025 10:14,02/07/2025 0:14,finalized,478,6030,4,200.0,02/07/2025 0:14,digital,PliN
281231,24/06/2025 15:56,29/06/2025 11:32,finalized,191,6056,2,199.98,29/06/2025 11:32,digital,YAPe
282332,24/06/2025 7:27,04/07/2025 12:22,finalized,478,6137,4,200.0,04/07/2025 12:22,Transferencia bancaria,SCOTIABANK
283016,24/06/2025 21:54,30/06/2025 14:04,finalized,341,6186,3,179.97,30/06/2025 14:04,Transferencia bancaria,BcP
284582,24/06/2025 18:40,27/06/2025 18:47,finalized,341,6300,1,59.99,27/06/2025 18:47,Transferencia bancaria,  Pichincha  
286017,24/06/2025 21:18,28/06/2025 9:53,finalized,957,6399,1,299.98,28/06/2025 9:53,Transferencia bancaria,SCOTIABANK
286021,24/06/2025 4:24,30/06/2025 1:12,finalized,379,6400,1,129.99,30/06/2025 1:12,Transferencia bancaria,IntERBANK 
286051,24/06/2025 13:58,30/06/2025 0:08,finalized,1014,6402,5,249.9,30/06/2025 0:08,efectivo,efectivo
286184,24/06/2025 11:57,04/07/2025 15:31,finalized,957,6411,1,299.98,04/07/2025 15:31,Transferencia bancaria,scotiabank
286708,24/06/2025 4:40,03/07/2025 21:27,finalized,1073,6445,1,199.99,03/07/2025 21:27,Transferencia bancaria,bbvA
286894,24/06/2025 8:50,30/06/2025 4:53,finalized,957,6459,1,299.98,30/06/2025 4:53,digital,yapE
287537,24/06/2025 12:43,29/06/2025 0:19,finalized,1014,6503,2,99.96,29/06/2025 0:19,digital,PliN
288185,24/06/2025 16:15,28/06/2025 10:50,finalized,1014,6554,3,149.94,28/06/2025 10:50,digital,PliN
288584,24/06/2025 21:27,28/06/2025 18:46,finalized,379,6583,1,129.99,28/06/2025 18:46,Transferencia bancaria,bbvA
288778,24/06/2025 2:21,27/06/2025 7:29,finalized,191,6596,2,199.98,27/06/2025 7:29,digital,YAPe
288957,24/06/2025 13:03,30/06/2025 6:16,finalized,1014,6611,1,49.98,30/06/2025 6:16,digital,yapE
289304,24/06/2025 3:15,27/06/2025 15:39,finalized,379,6640,1,129.99,27/06/2025 15:39,Transferencia bancaria,Interbank
289479,24/06/2025 15:39,29/06/2025 22:09,finalized,191,6655,2,199.98,29/06/2025 22:09,efectivo,efectivo
289788,24/06/2025 3:57,01/07/2025 15:25,finalized,1073,6679,1,199.99,01/07/2025 15:25,efectivo,efectivo
290237,24/06/2025 6:00,28/06/2025 0:17,finalized,579,6711,2,79.98,28/06/2025 0:17,digital,pLin
290328,24/06/2025 12:26,04/07/2025 17:29,finalized,379,6720,1,129.99,04/07/2025 17:29,digital,pLin
291048,24/06/2025 22:46,01/07/2025 16:26,finalized,341,6769,1,59.99,01/07/2025 16:26,efectivo,efectivo
291333,24/06/2025 13:47,28/06/2025 14:53,finalized,478,6790,2,100.0,28/06/2025 14:53,digital,PliN
291890,24/06/2025 14:26,04/07/2025 2:08,finalized,191,6836,1,99.99,04/07/2025 2:08,digital,pLin
292413,24/06/2025 18:59,28/06/2025 12:15,finalized,1014,6879,3,149.94,28/06/2025 12:15,digital,pLin
292743,24/06/2025 10:24,30/06/2025 20:25,finalized,1004,6904,1,399.98,30/06/2025 20:25,efectivo,efectivo
294264,24/06/2025 20:06,03/07/2025 19:56,finalized,478,7007,4,200.0,03/07/2025 19:56,efectivo,efectivo
294676,24/06/2025 3:28,30/06/2025 21:29,finalized,379,7040,1,129.99,30/06/2025 21:29,efectivo,efectivo
294703,24/06/2025 2:09,27/06/2025 4:20,finalized,957,7041,1,299.98,27/06/2025 4:20,digital,YAPe
294753,24/06/2025 0:45,02/07/2025 19:47,finalized,379,7043,1,129.99,02/07/2025 19:47,efectivo,efectivo
294783,24/06/2025 6:14,03/07/2025 11:48,finalized,957,7047,1,299.98,03/07/2025 11:48,digital,YAPe
295060,24/06/2025 4:23,02/07/2025 14:20,finalized,341,7068,3,179.97,02/07/2025 14:20,Transferencia bancaria,SCOTIABANK
295931,24/06/2025 15:07,04/07/2025 1:54,finalized,478,7140,5,250.0,04/07/2025 1:54,digital,pLin
296090,24/06/2025 15:49,03/07/2025 6:28,finalized,1073,7152,1,199.99,03/07/2025 6:28,Transferencia bancaria,bcp
296603,24/06/2025 16:05,04/07/2025 4:19,finalized,579,7190,2,79.98,04/07/2025 4:19,Transferencia bancaria,IntERBANK 
296667,24/06/2025 23:44,05/07/2025 8:29,finalized,1073,7194,1,199.99,05/07/2025 8:29,digital,PliN
297427,24/06/2025 1:34,02/07/2025 9:16,finalized,191,7248,5,499.95,02/07/2025 9:16,Transferencia bancaria,BCP
297430,24/06/2025 4:31,03/07/2025 13:24,finalized,341,7249,5,299.95,03/07/2025 13:24,digital,yapE
298369,24/06/2025 13:52,04/07/2025 10:39,finalized,191,7318,1,99.99,04/07/2025 10:39,efectivo,efectivo
298583,24/06/2025 5:30,30/06/2025 3:03,finalized,341,7332,5,299.95,30/06/2025 3:03,digital,pLin
298621,24/06/2025 18:07,29/06/2025 16:50,finalized,957,7335,1,299.98,29/06/2025 16:50,digital,PliN
298658,24/06/2025 6:30,30/06/2025 17:40,finalized,478,7339,3,150.0,30/06/2025 17:40,efectivo,efectivo
298767,24/06/2025 23:28,01/07/2025 22:44,finalized,191,7349,5,499.95,01/07/2025 22:44,efectivo,efectivo
298777,24/06/2025 5:58,03/07/2025 4:37,finalized,1014,7351,1,49.98,03/07/2025 4:37,efectivo,efectivo
298957,24/06/2025 18:20,02/07/2025 6:02,finalized,1073,7362,1,199.99,02/07/2025 6:02,digital,pLin
299006,24/06/2025 17:13,01/07/2025 13:35,finalized,379,7365,1,129.99,01/07/2025 13:35,efectivo,efectivo
299201,24/06/2025 6:21,02/07/2025 13:59,finalized,1073,7380,1,199.99,02/07/2025 13:59,Transferencia bancaria,BCP
300813,24/06/2025 10:24,05/07/2025 1:41,finalized,1014,7504,1,49.98,05/07/2025 1:41,digital,pLin
300952,24/06/2025 7:28,28/06/2025 23:50,finalized,1073,7514,1,199.99,28/06/2025 23:50,Transferencia bancaria,bcp
301565,24/06/2025 23:22,05/07/2025 9:53,finalized,191,7565,5,499.95,05/07/2025 9:53,efectivo,efectivo
301872,24/06/2025 4:24,01/07/2025 4:49,finalized,1073,7590,1,199.99,01/07/2025 4:49,digital,PliN
302228,24/06/2025 20:37,30/06/2025 7:05,finalized,1014,7615,4,199.92,30/06/2025 7:05,efectivo,efectivo
302354,24/06/2025 2:31,28/06/2025 16:45,finalized,881,7625,1,24.99,28/06/2025 16:45,digital,pLin
302627,24/06/2025 9:25,27/06/2025 20:03,finalized,341,7646,5,299.95,27/06/2025 20:03,digital,YAPe
302694,24/06/2025 16:42,27/06/2025 17:28,finalized,341,7652,3,179.97,27/06/2025 17:28,Transferencia bancaria,BBVA   
303749,24/06/2025 18:43,03/07/2025 4:44,finalized,191,7734,3,299.97,03/07/2025 4:44,efectivo,efectivo
304742,24/06/2025 20:34,28/06/2025 13:13,finalized,1014,7807,5,249.9,28/06/2025 13:13,efectivo,efectivo
304950,24/06/2025 12:43,04/07/2025 16:51,finalized,1004,7824,1,399.98,04/07/2025 16:51,digital,yapE
305386,24/06/2025 10:12,28/06/2025 13:57,finalized,957,7853,1,299.98,28/06/2025 13:57,Transferencia bancaria,IntERBANK 
305586,24/06/2025 19:42,28/06/2025 3:23,finalized,579,7864,3,119.97,28/06/2025 3:23,Transferencia bancaria,  Pichincha  
305820,24/06/2025 5:13,03/07/2025 22:58,finalized,191,7884,4,399.96,03/07/2025 22:58,efectivo,efectivo
306527,24/06/2025 23:53,03/07/2025 4:10,finalized,478,7944,4,200.0,03/07/2025 4:10,Transferencia bancaria,  Pichincha  
307812,24/06/2025 20:30,04/07/2025 14:24,finalized,478,8033,1,50.0,04/07/2025 14:24,efectivo,efectivo
307905,24/06/2025 13:56,04/07/2025 17:17,finalized,341,8042,4,239.96,04/07/2025 17:17,Transferencia bancaria, Scotiabank
307989,24/06/2025 15:58,04/07/2025 10:38,finalized,1014,8048,2,99.96,04/07/2025 10:38,Transferencia bancaria,PichinchA
308044,24/06/2025 3:15,30/06/2025 13:19,finalized,1014,8052,3,149.94,30/06/2025 13:19,efectivo,efectivo
308571,24/06/2025 17:48,04/07/2025 16:58,finalized,249,8091,1,54.97,04/07/2025 16:58,digital,pLin
308643,24/06/2025 10:32,01/07/2025 14:04,finalized,379,8098,1,129.99,01/07/2025 14:04,digital,yapE
309010,24/06/2025 6:49,03/07/2025 2:06,finalized,957,8127,1,299.98,03/07/2025 2:06,Transferencia bancaria,bcp
309270,24/06/2025 8:35,03/07/2025 6:30,finalized,1073,8150,1,199.99,03/07/2025 6:30,Transferencia bancaria,bbvA
309713,24/06/2025 7:29,02/07/2025 3:00,finalized,379,8180,1,129.99,02/07/2025 3:00,Transferencia bancaria,Interbank
310549,24/06/2025 10:23,28/06/2025 21:39,finalized,379,8244,1,129.99,28/06/2025 21:39,digital,pLin
311225,24/06/2025 8:33,03/07/2025 9:10,finalized,191,8293,5,499.95,03/07/2025 9:10,digital,pLin
312445,24/06/2025 2:52,04/07/2025 17:40,finalized,335,8382,5,499.95,04/07/2025 17:40,Transferencia bancaria,bcp
313055,24/06/2025 10:12,01/07/2025 18:31,finalized,957,8424,1,299.98,01/07/2025 18:31,Transferencia bancaria,IntERBANK 
313168,24/06/2025 19:33,30/06/2025 22:43,finalized,579,8433,3,119.97,30/06/2025 22:43,Transferencia bancaria,BcP
313471,24/06/2025 10:43,28/06/2025 18:04,finalized,379,8458,1,129.99,28/06/2025 18:04,Transferencia bancaria,scotiabank
313609,24/06/2025 17:17,29/06/2025 14:29,finalized,478,8469,1,50.0,29/06/2025 14:29,digital,pLin
314364,24/06/2025 16:09,04/07/2025 9:44,finalized,341,8524,4,239.96,04/07/2025 9:44,digital,pLin
314652,24/06/2025 6:20,30/06/2025 4:05,finalized,861,8544,5,124.95,30/06/2025 4:05,digital,PliN
314704,24/06/2025 6:19,04/07/2025 5:55,finalized,379,8548,1,129.99,04/07/2025 5:55,digital,YAPe
315069,24/06/2025 3:51,29/06/2025 13:39,finalized,191,8579,4,399.96,29/06/2025 13:39,efectivo,efectivo
315093,24/06/2025 21:57,30/06/2025 2:49,finalized,1004,8580,1,399.98,30/06/2025 2:49,efectivo,efectivo
315457,24/06/2025 16:58,02/07/2025 9:56,finalized,478,8609,4,200.0,02/07/2025 9:56,Transferencia bancaria,BcP
315489,24/06/2025 12:07,30/06/2025 10:19,finalized,478,8612,5,250.0,30/06/2025 10:19,Transferencia bancaria,pichincha
315646,24/06/2025 12:07,05/07/2025 7:19,finalized,1073,8622,1,199.99,05/07/2025 7:19,digital,pLin
316018,24/06/2025 16:17,02/07/2025 21:35,finalized,579,8648,1,39.99,02/07/2025 21:35,digital,pLin
316510,24/06/2025 18:03,29/06/2025 15:06,finalized,1014,8679,4,199.92,29/06/2025 15:06,efectivo,efectivo
316620,24/06/2025 15:45,05/07/2025 3:44,finalized,1004,8687,1,399.98,05/07/2025 3:44,Transferencia bancaria,pichincha
317283,24/06/2025 21:27,02/07/2025 0:48,finalized,957,8732,1,299.98,02/07/2025 0:48,Transferencia bancaria, Scotiabank
317550,24/06/2025 8:22,28/06/2025 14:05,finalized,341,8755,4,239.96,28/06/2025 14:05,digital,YAPe
317640,24/06/2025 22:09,01/07/2025 23:29,finalized,341,8761,3,179.97,01/07/2025 23:29,efectivo,efectivo
318109,24/06/2025 4:31,02/07/2025 8:21,finalized,478,8792,4,200.0,02/07/2025 8:21,Transferencia bancaria,PichinchA
318449,24/06/2025 11:53,29/06/2025 21:39,finalized,191,8817,1,99.99,29/06/2025 21:39,digital,YAPe
319011,24/06/2025 20:35,30/06/2025 10:41,finalized,579,8861,2,79.98,30/06/2025 10:41,efectivo,efectivo
319145,24/06/2025 8:01,02/07/2025 1:53,finalized,1004,8870,1,399.98,02/07/2025 1:53,efectivo,efectivo
319279,24/06/2025 23:47,03/07/2025 7:22,finalized,478,8884,5,250.0,03/07/2025 7:22,Transferencia bancaria,  Pichincha  
319321,24/06/2025 9:11,04/07/2025 8:46,finalized,579,8888,4,159.96,04/07/2025 8:46,efectivo,efectivo
319790,24/06/2025 0:47,01/07/2025 19:58,finalized,379,8920,1,129.99,01/07/2025 19:58,efectivo,efectivo
319907,24/06/2025 22:50,03/07/2025 9:20,finalized,379,8929,1,129.99,03/07/2025 9:20,digital,YAPe
320800,24/06/2025 4:21,04/07/2025 18:58,finalized,341,8989,3,179.97,04/07/2025 18:58,Transferencia bancaria,BCP
321243,24/06/2025 22:09,03/07/2025 19:26,finalized,478,9018,5,250.0,03/07/2025 19:26,efectivo,efectivo
322788,24/06/2025 4:19,02/07/2025 20:46,finalized,341,9131,5,299.95,02/07/2025 20:46,digital,PliN
322978,24/06/2025 1:35,04/07/2025 14:30,finalized,341,9146,3,179.97,04/07/2025 14:30,Transferencia bancaria,bcp
323192,24/06/2025 17:04,27/06/2025 20:42,finalized,478,9161,1,50.0,27/06/2025 20:42,efectivo,efectivo
323277,24/06/2025 22:08,30/06/2025 16:53,finalized,478,9167,1,50.0,30/06/2025 16:53,digital,pLin
323595,24/06/2025 11:07,29/06/2025 14:56,finalized,1004,9190,1,399.98,29/06/2025 14:56,efectivo,efectivo
323628,24/06/2025 4:41,02/07/2025 1:31,finalized,1014,9193,4,199.92,02/07/2025 1:31,Transferencia bancaria,bcp
324124,24/06/2025 22:26,02/07/2025 23:11,finalized,1014,9231,5,249.9,02/07/2025 23:11,Transferencia bancaria,SCOTIABANK
324411,24/06/2025 19:22,03/07/2025 12:05,finalized,1073,9249,1,199.99,03/07/2025 12:05,Transferencia bancaria,BBVA   
325009,24/06/2025 2:05,27/06/2025 6:43,finalized,341,9291,1,59.99,27/06/2025 6:43,efectivo,efectivo
325044,24/06/2025 16:07,05/07/2025 9:20,finalized,379,9294,1,129.99,05/07/2025 9:20,efectivo,efectivo
325676,24/06/2025 17:29,02/07/2025 7:45,finalized,1014,9337,1,49.98,02/07/2025 7:45,Transferencia bancaria,scotiabank
325702,24/06/2025 8:39,01/07/2025 22:29,finalized,957,9338,1,299.98,01/07/2025 22:29,digital,YAPe
325831,24/06/2025 11:18,05/07/2025 5:56,finalized,1004,9349,1,399.98,05/07/2025 5:56,digital,yapE
325859,24/06/2025 11:40,03/07/2025 7:56,finalized,341,9350,1,59.99,03/07/2025 7:56,Transferencia bancaria,Interbank
326080,24/06/2025 18:13,05/07/2025 8:59,finalized,1073,9366,1,199.99,05/07/2025 8:59,digital,yapE
326627,24/06/2025 11:42,02/07/2025 6:53,finalized,379,9402,1,129.99,02/07/2025 6:53,efectivo,efectivo
326809,24/06/2025 21:33,29/06/2025 18:05,finalized,341,9414,4,239.96,29/06/2025 18:05,Transferencia bancaria,pichincha
328832,24/06/2025 2:25,30/06/2025 14:41,finalized,1014,9560,5,249.9,30/06/2025 14:41,Transferencia bancaria,SCOTIABANK
329061,24/06/2025 11:30,30/06/2025 1:38,finalized,1014,9576,4,199.92,30/06/2025 1:38,Transferencia bancaria,Scotiabank
329513,24/06/2025 13:16,28/06/2025 13:03,finalized,1014,9606,4,199.92,28/06/2025 13:03,efectivo,efectivo
331745,24/06/2025 18:25,01/07/2025 13:48,finalized,235,9760,3,104.97,01/07/2025 13:48,efectivo,efectivo
332922,24/06/2025 23:31,03/07/2025 11:33,finalized,379,9851,1,129.99,03/07/2025 11:33,efectivo,efectivo
332933,24/06/2025 17:19,01/07/2025 16:21,finalized,341,9853,2,119.98,01/07/2025 16:21,efectivo,efectivo
335022,24/06/2025 16:56,27/06/2025 23:18,finalized,1014,10009,5,249.9,27/06/2025 23:18,Transferencia bancaria,scotiabank
335460,24/06/2025 6:47,01/07/2025 22:40,finalized,1073,10040,1,199.99,01/07/2025 22:40,Transferencia bancaria,pichincha
337640,24/06/2025 0:23,02/07/2025 4:15,finalized,579,10194,2,79.98,02/07/2025 4:15,efectivo,efectivo
337724,24/06/2025 19:08,29/06/2025 12:24,finalized,957,10200,1,299.98,29/06/2025 12:24,Transferencia bancaria,BCP
337818,24/06/2025 9:07,28/06/2025 0:54,finalized,1073,10210,1,199.99,28/06/2025 0:54,efectivo,efectivo
337933,24/06/2025 1:14,04/07/2025 10:33,finalized,379,10217,1,129.99,04/07/2025 10:33,digital,PliN
338405,24/06/2025 20:42,02/07/2025 0:20,finalized,379,10253,1,129.99,02/07/2025 0:20,efectivo,efectivo
338624,24/06/2025 19:44,03/07/2025 16:45,finalized,1004,10265,1,399.98,03/07/2025 16:45,efectivo,efectivo
339421,24/06/2025 2:28,28/06/2025 23:25,finalized,676,10319,2,200.0,28/06/2025 23:25,digital,yapE
341466,24/06/2025 11:52,02/07/2025 19:08,finalized,379,10478,1,129.99,02/07/2025 19:08,Transferencia bancaria,BcP
341650,24/06/2025 21:08,05/07/2025 3:08,finalized,341,10491,2,119.98,05/07/2025 3:08,digital,yapE
341911,24/06/2025 20:26,01/07/2025 21:09,finalized,191,10507,2,199.98,01/07/2025 21:09,efectivo,efectivo
342154,24/06/2025 22:24,05/07/2025 4:36,finalized,191,10521,2,199.98,05/07/2025 4:36,Transferencia bancaria,pichincha
343443,24/06/2025 13:58,30/06/2025 5:48,finalized,379,10615,1,129.99,30/06/2025 5:48,digital,yapE
343919,24/06/2025 19:02,02/07/2025 23:16,finalized,478,10650,2,100.0,02/07/2025 23:16,digital,YAPe
345161,24/06/2025 22:29,29/06/2025 6:30,finalized,191,10740,2,199.98,29/06/2025 6:30,efectivo,efectivo
345171,24/06/2025 3:03,03/07/2025 21:54,finalized,1014,10741,1,49.98,03/07/2025 21:54,Transferencia bancaria,BBVA   
345384,24/06/2025 21:22,03/07/2025 9:39,finalized,1073,10758,1,199.99,03/07/2025 9:39,digital,PliN
345810,24/06/2025 18:24,05/07/2025 10:08,finalized,478,10787,2,100.0,05/07/2025 10:08,efectivo,efectivo
346114,24/06/2025 15:39,28/06/2025 18:53,finalized,191,10808,5,499.95,28/06/2025 18:53,efectivo,efectivo
346622,24/06/2025 9:52,28/06/2025 2:35,finalized,341,10842,3,179.97,28/06/2025 2:35,efectivo,efectivo
347478,24/06/2025 5:39,29/06/2025 1:20,finalized,1073,10899,1,199.99,29/06/2025 1:20,Transferencia bancaria,SCOTIABANK
349124,24/06/2025 10:52,02/07/2025 11:22,finalized,1073,11025,1,199.99,02/07/2025 11:22,Transferencia bancaria, BCP   
349601,24/06/2025 10:07,01/07/2025 1:02,finalized,1004,11061,1,399.98,01/07/2025 1:02,Transferencia bancaria,IntERBANK 
349657,24/06/2025 17:42,04/07/2025 18:16,finalized,478,11065,4,200.0,04/07/2025 18:16,efectivo,efectivo
351184,24/06/2025 11:03,04/07/2025 4:37,finalized,478,11169,5,250.0,04/07/2025 4:37,efectivo,efectivo
351398,24/06/2025 0:37,29/06/2025 11:50,finalized,341,11186,3,179.97,29/06/2025 11:50,efectivo,efectivo
351452,24/06/2025 17:26,03/07/2025 15:02,finalized,540,11190,3,90.0,03/07/2025 15:02,digital,YAPe
351474,24/06/2025 14:42,29/06/2025 14:54,finalized,341,11192,4,239.96,29/06/2025 14:54,Transferencia bancaria,IntERBANK 
352069,24/06/2025 12:41,05/07/2025 4:20,finalized,1014,11242,2,99.96,05/07/2025 4:20,digital,pLin
352108,24/06/2025 2:52,28/06/2025 19:38,finalized,191,11246,4,399.96,28/06/2025 19:38,digital,yapE
352222,24/06/2025 11:43,02/07/2025 17:16,finalized,579,11255,4,159.96,02/07/2025 17:16,digital,yapE
352468,24/06/2025 5:26,05/07/2025 1:53,finalized,1004,11274,1,399.98,05/07/2025 1:53,Transferencia bancaria,BCP
352830,24/06/2025 8:46,30/06/2025 23:10,finalized,379,11302,1,129.99,30/06/2025 23:10,efectivo,efectivo
353879,24/06/2025 11:44,27/06/2025 16:17,finalized,478,11379,1,50.0,27/06/2025 16:17,digital,YAPe
353945,24/06/2025 6:02,04/07/2025 15:17,finalized,379,11382,1,129.99,04/07/2025 15:17,Transferencia bancaria,bcp
354007,24/06/2025 8:26,29/06/2025 9:33,finalized,341,11387,2,119.98,29/06/2025 9:33,Transferencia bancaria, BCP   
355479,24/06/2025 8:43,28/06/2025 5:27,finalized,1004,11486,1,399.98,28/06/2025 5:27,digital,pLin
355898,24/06/2025 4:11,27/06/2025 22:43,finalized,1014,11513,5,249.9,27/06/2025 22:43,Transferencia bancaria,BCP
355956,24/06/2025 20:55,01/07/2025 19:54,finalized,957,11516,1,299.98,01/07/2025 19:54,digital,PliN
356087,24/06/2025 19:14,04/07/2025 6:32,finalized,1073,11524,1,199.99,04/07/2025 6:32,efectivo,efectivo
356202,24/06/2025 12:28,03/07/2025 2:58,finalized,1014,11532,2,99.96,03/07/2025 2:58,Transferencia bancaria,  Pichincha  
356531,24/06/2025 19:31,03/07/2025 13:14,finalized,1014,11559,4,199.92,03/07/2025 13:14,digital,PliN
356631,24/06/2025 9:51,28/06/2025 2:32,finalized,341,11566,3,179.97,28/06/2025 2:32,efectivo,efectivo
356657,24/06/2025 13:08,30/06/2025 4:36,finalized,341,11569,2,119.98,30/06/2025 4:36,digital,YAPe
357018,24/06/2025 6:43,30/06/2025 15:01,finalized,780,11593,4,127.96,30/06/2025 15:01,digital,yapE
357115,24/06/2025 22:25,30/06/2025 16:42,finalized,957,11602,1,299.98,30/06/2025 16:42,digital,yapE
357374,24/06/2025 19:10,04/07/2025 5:10,finalized,191,11623,2,199.98,04/07/2025 5:10,Transferencia bancaria,scotiabank
357590,24/06/2025 2:53,27/06/2025 17:04,finalized,1004,11639,1,399.98,27/06/2025 17:04,Transferencia bancaria,BCP
358046,24/06/2025 15:43,03/07/2025 23:24,finalized,191,11668,5,499.95,03/07/2025 23:24,digital,YAPe
359338,24/06/2025 12:38,27/06/2025 23:58,finalized,341,11762,3,179.97,27/06/2025 23:58,digital,yapE
359349,24/06/2025 15:46,02/07/2025 12:23,finalized,1004,11763,1,399.98,02/07/2025 12:23,Transferencia bancaria,BCP
359867,24/06/2025 2:43,29/06/2025 8:55,finalized,379,11794,1,129.99,29/06/2025 8:55,digital,PliN
360605,24/06/2025 7:54,05/07/2025 3:24,finalized,341,11852,1,59.99,05/07/2025 3:24,Transferencia bancaria,bbvA
360639,24/06/2025 23:12,01/07/2025 22:10,finalized,341,11856,3,179.97,01/07/2025 22:10,efectivo,efectivo
360858,24/06/2025 11:55,02/07/2025 2:00,finalized,341,11873,3,179.97,02/07/2025 2:00,Transferencia bancaria, Scotiabank
361252,24/06/2025 17:27,28/06/2025 23:13,finalized,341,11899,2,119.98,28/06/2025 23:13,Transferencia bancaria,SCOTIABANK
362333,24/06/2025 6:42,02/07/2025 6:48,finalized,1004,11975,1,399.98,02/07/2025 6:48,digital,YAPe
362338,24/06/2025 16:34,05/07/2025 11:06,finalized,1004,11976,1,399.98,05/07/2025 11:06,efectivo,efectivo
363144,24/06/2025 4:04,30/06/2025 23:50,finalized,1004,12031,1,399.98,30/06/2025 23:50,digital,PliN
363207,24/06/2025 22:30,28/06/2025 15:59,finalized,1073,12035,1,199.99,28/06/2025 15:59,efectivo,efectivo
363326,24/06/2025 11:04,01/07/2025 19:24,finalized,1004,12041,1,399.98,01/07/2025 19:24,digital,pLin
363758,24/06/2025 10:31,28/06/2025 2:14,finalized,727,12072,2,19.98,28/06/2025 2:14,efectivo,efectivo
366229,24/06/2025 12:29,02/07/2025 12:49,finalized,341,12249,5,299.95,02/07/2025 12:49,digital,PliN
366596,24/06/2025 23:23,30/06/2025 14:58,finalized,1004,12278,1,399.98,30/06/2025 14:58,digital,YAPe
367547,24/06/2025 5:58,02/07/2025 23:59,finalized,957,12347,1,299.98,02/07/2025 23:59,Transferencia bancaria,BcP
368108,24/06/2025 12:34,02/07/2025 19:37,finalized,1014,12384,5,249.9,02/07/2025 19:37,efectivo,efectivo
368506,24/06/2025 4:09,01/07/2025 22:38,cancelled,379,12416,1,129.99,01/07/2025 22:38,digital,YAPe
